15 13 21 17 10 16 9 5 7 1 4 3 25 2 8 18 23 24 6 22 19 14 11 12 20
9 24 8 20 5 21 1 15 4 7 10 6 12 22 17 25 2 19 11 3 23 16 18 14 13
17 20 19 23 3 18 2 16 6 5 22 8 10 21 11 7 14 9 13 12 15 4 1 25 24
13 25 8 22 7 1 18 2 9 10 16 19 3 11 21 15 4 20 6 17 5 24 12 14 23
22 16 8 11 10 2 17 5 15 25 14 3 12 1 13 19 6 4 24 23 21 20 9 18 7
19 17 7 14 9 2 15 23 8 12 25 21 16 6 5 24 22 20 11 18 10 1 4 13 3
2 14 22 7 6 18 25 4 1 24 9 16 3 21 11 20 8 10 17 15 19 5 13 23 12
7 11 5 10 16 20 18 17 25 4 15 6 19 9 12 21 2 8 22 24 23 14 3 1 13
21 10 12 11 9 25 14 22 5 20 18 8 3 2 1 4 16 24 7 19 13 6 15 23 17
10 20 24 7 3 16 25 8 2 18 12 17 9 23 22 21 19 15 1 4 11 5 6 13 14
24 20 10 8 25 3 7 15 4 5 16 6 17 1 14 2 19 13 12 23 11 9 21 18 22
14 23 17 11 4 2 10 24 5 13 9 21 20 15 3 22 19 7 16 18 8 12 6 25 1
17 20 23 10 9 18 12 5 7 6 15 8 13 19 11 22 3 1 16 25 2 24 21 14 4
21 23 2 15 22 7 8 10 13 11 12 25 14 4 9 5 16 1 6 3 20 19 24 18 17
9 10 1 4 24 16 22 20 11 7 3 21 8 12 6 25 15 13 23 19 18 17 14 2 5
13 12 6 23 25 20 2 11 16 24 1 19 14 17 8 21 22 5 10 18 3 7 4 15 9
18 19 17 14 12 21 22 2 15 5 1 23 8 4 20 6 7 9 10 11 16 24 25 3 13
17 10 25 2 21 1 9 4 5 15 24 7 13 14 8 16 6 19 12 23 22 3 11 20 18
20 22 24 2 1 18 8 25 3 19 23 21 16 14 5 7 9 17 6 10 15 13 12 4 11
5 8 24 3 1 14 7 9 16 25 15 20 10 21 18 4 23 11 12 2 13 17 6 22 19
4 16 2 17 7 10 8 23 15 3 25 21 14 13 22 20 1 9 24 11 12 18 5 19 6
15 4 16 17 1 20 5 11 9 10 8 23 12 22 18 19 24 13 2 21 25 14 6 7 3
19 14 3 16 4 2 25 21 10 13 12 5 24 20 8 6 22 9 11 1 7 18 15 17 23
12 13 22 9 19 25 2 24 10 4 17 7 23 11 8 15 20 21 14 1 16 6 5 3 18
18 19 10 17 4 3 9 16 1 2 23 14 25 20 24 8 5 13 11 6 22 7 15 21 12
8 11 20 13 19 14 7 22 18 6 15 2 12 9 4 17 16 21 25 1 5 10 23 3 24
9 11 16 10 23 14 8 24 7 25 3 15 18 2 12 22 4 6 13 1 19 21 20 17 5
21 16 9 24 15 12 23 3 5 2 1 18 25 20 6 4 17 19 11 7 8 13 14 22 10
24 10 14 15 16 22 17 23 20 9 19 25 4 8 3 18 7 13 11 1 21 12 5 6 2
12 14 13 6 18 7 19 1 22 23 25 8 2 17 11 10 9 16 24 4 15 5 20 21 3
4 1 20 18 6 8 7 25 23 10 14 3 16 11 21 12 19 5 2 24 13 22 9 15 17
16 17 11 8 18 9 25 10 24 1 2 4 3 13 20 22 15 21 12 19 7 6 14 23 5
6 4 23 7 1 10 13 20 2 17 25 22 11 3 8 14 19 15 5 12 18 9 16 24 21
15 24 16 6 7 8 2 9 18 19 25 20 10 1 3 17 12 4 21 11 14 23 5 22 13
7 10 5 16 13 24 23 8 20 14 11 21 19 18 3 25 17 6 1 9 12 15 22 2 4
20 24 2 16 23 1 11 18 8 13 6 22 25 21 7 10 12 3 17 9 15 5 19 4 14
19 10 23 15 6 3 17 13 20 14 25 22 11 5 1 21 9 4 8 12 2 16 7 18 24
3 19 10 12 11 2 18 20 14 6 15 8 13 24 5 21 23 4 7 9 16 22 25 17 1
9 10 22 2 21 20 6 15 14 4 5 11 1 24 7 13 18 23 17 12 16 25 3 19 8
25 15 9 17 14 12 4 19 3 16 7 5 8 22 20 21 13 18 11 10 6 23 24 1 2
14 8 11 15 6 21 9 24 23 17 19 22 2 18 12 16 20 1 10 25 3 4 5 13 7
2 14 19 10 21 3 17 4 1 22 24 7 15 5 23 11 18 20 9 25 16 12 13 6 8
4 17 24 5 8 11 1 16 7 13 10 6 22 15 2 25 18 20 23 9 14 19 12 21 3
10 18 8 9 17 25 21 14 22 23 24 5 20 7 2 16 6 12 11 4 15 1 13 3 19
15 22 2 4 3 17 18 12 10 16 6 23 20 7 14 21 25 13 1 19 9 5 8 24 11
3 8 1 19 12 20 22 21 15 24 10 9 14 25 23 16 11 5 17 13 4 6 7 18 2
3 8 11 18 10 13 19 15 2 6 4 16 17 9 25 7 5 20 21 14 22 24 1 12 23
3 23 1 13 25 2 17 6 21 16 10 24 14 7 15 8 22 5 11 18 4 12 20 9 19
17 7 2 6 25 22 1 18 23 4 20 15 3 10 9 13 16 21 11 24 14 19 5 8 12
5 6 4 2 8 13 25 19 23 9 10 15 18 22 17 24 14 3 16 1 11 21 12 20 7
13 1 3 17 20 21 5 19 12 25 11 9 14 18 6 8 2 7 22 4 10 16 15 24 23
14 19 20 15 9 7 12 2 25 17 16 3 5 4 23 8 10 18 22 11 21 24 13 1 6
12 13 8 14 23 11 3 19 6 22 20 10 7 24 16 1 18 25 5 21 2 17 4 9 15
11 4 21 12 25 19 3 8 17 7 22 1 15 5 13 2 10 6 23 14 18 9 20 16 24
23 25 9 24 5 16 12 13 15 8 17 22 19 21 4 1 2 6 7 11 18 14 20 10 3
25 1 6 5 13 18 10 9 7 17 12 16 15 11 14 20 23 8 4 2 21 3 24 19 22
25 2 16 14 11 23 21 5 1 12 9 19 17 3 4 13 10 8 7 6 22 15 18 24 20
4 6 19 24 3 13 10 8 5 21 25 22 23 17 16 18 14 2 11 20 12 1 9 7 15
4 5 21 16 2 1 8 15 10 9 25 18 13 3 19 24 20 12 11 14 7 22 23 17 6
3 12 19 1 17 7 18 8 21 6 23 4 13 5 25 16 14 15 10 22 20 9 11 2 24
1 10 22 17 11 7 16 19 18 20 5 23 9 24 15 6 13 14 12 21 3 8 4 25 2
13 23 11 19 2 21 6 9 7 14 24 10 8 20 1 15 16 18 5 17 4 12 3 22 25
22 3 24 19 15 11 23 12 5 21 14 2 6 9 17 16 20 8 1 10 25 4 18 7 13
25 19 17 14 12 15 4 1 18 9 11 5 8 22 6 21 7 23 2 16 20 13 24 3 10
4 6 17 12 22 24 5 21 14 9 18 2 3 13 19 10 1 11 25 16 8 23 7 20 15
11 15 13 8 14 9 18 6 12 2 1 22 25 17 20 24 10 16 19 5 21 7 3 23 4
4 16 25 1 17 18 23 8 5 15 10 13 9 7 2 22 21 11 14 6 12 19 24 3 20
24 8 7 21 13 23 17 22 2 25 15 11 9 12 19 6 14 20 3 4 16 18 1 10 5
4 11 2 15 6 8 16 7 12 18 23 24 14 19 17 20 5 9 22 3 10 21 25 13 1
15 14 21 18 2 4 25 22 1 10 24 23 20 6 3 16 8 11 12 9 13 7 19 5 17
2 19 13 4 12 8 9 25 5 23 24 14 3 21 6 7 18 10 15 11 17 1 16 22 20
15 4 7 24 21 9 12 23 1 2 8 17 16 25 10 5 20 3 19 14 22 18 13 11 6
1 6 9 17 8 24 10 13 25 4 18 23 14 21 19 16 11 20 2 12 15 5 22 7 3
14 25 7 18 5 8 21 11 23 10 1 4 22 15 3 20 16 19 6 24 2 17 12 13 9
7 20 13 4 25 6 17 15 3 21 10 8 22 9 5 2 24 12 18 11 19 1 23 16 14
22 13 2 1 8 25 3 5 9 7 21 10 18 16 23 6 20 24 19 11 4 14 17 15 12
10 13 3 14 24 25 2 21 23 6 8 7 12 19 11 4 9 15 22 5 16 20 17 1 18
13 23 3 15 8 20 7 19 9 24 18 1 25 6 11 5 16 4 2 21 22 12 10 14 17
24 17 19 3 6 12 20 5 25 11 21 14 23 1 16 18 10 7 15 9 2 13 22 4 8
11 23 20 22 6 7 16 14 4 10 2 18 5 13 21 9 8 17 19 15 1 24 12 3 25
9 18 13 24 3 21 12 6 17 15 23 10 4 11 5 25 2 1 14 19 7 8 20 16 22
3 12 13 17 24 21 7 14 15 25 23 22 16 11 4 10 18 6 8 20 5 9 2 19 1
5 25 8 12 6 1 9 13 3 4 21 14 17 15 2 20 7 22 10 11 16 24 19 23 18
10 1 25 4 3 11 19 13 2 5 23 24 15 8 18 7 17 16 12 6 21 22 9 14 20
25 4 1 16 22 11 10 6 7 3 20 17 14 18 8 9 5 23 15 12 13 24 19 21 2
8 22 4 15 11 6 20 21 25 17 18 19 14 5 10 16 24 2 7 23 13 3 1 12 9
16 22 3 5 17 15 6 2 13 20 21 25 8 18 11 4 19 14 1 9 12 23 7 10 24
17 18 3 9 1 15 16 8 19 13 12 4 20 23 22 10 24 7 11 21 5 25 2 14 6
6 1 13 17 11 3 5 12 20 14 22 7 25 4 21 9 8 16 2 15 23 18 10 19 24
4 18 19 1 5 22 14 9 11 20 21 10 24 13 7 15 17 16 23 2 12 25 3 6 8
24 13 3 15 18 23 5 25 12 11 20 10 9 8 21 7 4 14 6 22 17 19 16 2 1
12 23 14 2 3 7 17 4 13 9 18 10 16 8 20 19 22 25 1 24 21 11 15 6 5
16 24 10 9 21 11 8 12 4 25 18 19 13 3 20 5 6 2 15 1 23 17 14 22 7
14 22 5 3 4 9 19 12 17 7 11 6 13 20 10 16 23 24 18 8 1 2 25 15 21
8 19 18 3 25 20 4 12 11 13 22 15 9 23 10 17 21 16 5 6 1 7 14 2 24
11 18 17 15 21 9 23 24 4 1 22 7 19 14 6 25 8 13 16 12 2 3 5 20 10
6 15 22 16 24 13 20 12 25 4 11 2 18 1 8 9 10 19 17 14 21 5 7 23 3
15 6 1 23 10 5 19 18 13 2 25 11 24 21 20 9 8 17 4 12 22 16 3 14 7
23 13 1 12 18 16 14 9 17 2 4 22 19 8 25 11 3 6 24 10 5 7 15 21 20
10 16 17 13 6 22 2 7 15 24 1 23 18 20 25 11 3 4 14 9 5 8 19 12 21
6 14 25 5 15 20 1 22 8 17 18 7 10 3 16 12 23 13 9 4 24 11 21 2 19
6 21 22 18 16 3 8 25 12 20 24 5 10 13 4 15 2 11 1 14 9 23 19 7 17
18 12 19 15 3 24 21 10 11 8 25 22 9 5 23 6 20 16 14 1 2 7 17 4 13
5 9 3 24 15 18 17 20 25 22 4 1 14 8 6 11 21 23 2 7 19 10 16 13 12
8 17 1 4 3 23 6 2 14 15 5 19 13 22 12 21 25 11 7 9 20 16 18 24 10
8 21 22 12 25 7 24 18 13 17 2 5 3 11 19 16 10 23 9 15 14 4 6 1 20
3 20 5 6 7 22 25 21 17 13 19 14 10 23 12 24 11 9 8 15 1 2 4 18 16
8 25 20 17 14 22 2 9 1 18 11 23 16 10 21 3 13 12 7 4 19 6 24 15 5
3 22 9 4 10 18 12 25 16 23 21 1 11 6 5 15 7 14 2 20 8 13 24 17 19
22 7 9 19 20 25 6 17 2 5 13 23 21 14 15 4 1 16 12 18 11 8 10 24 3
10 15 5 16 6 11 8 4 20 13 21 18 25 3 24 12 7 9 17 14 1 22 2 19 23
23 10 1 22 4 8 5 15 18 3 21 16 14 12 13 6 25 24 7 11 9 17 2 19 20
16 4 15 18 23 19 3 21 2 17 25 13 14 8 20 7 9 24 6 11 1 22 10 12 5
2 20 18 12 11 3 15 4 14 1 9 7 21 24 13 22 23 17 19 5 25 16 8 10 6
19 24 9 5 4 8 7 16 6 11 25 13 21 15 3 17 2 18 23 1 10 22 20 14 12
12 4 8 20 17 14 22 5 2 3 1 18 13 7 15 24 19 6 16 11 10 25 23 9 21
24 22 9 21 14 3 25 13 23 12 15 20 6 2 4 1 8 18 7 5 11 19 10 17 16
19 3 2 10 22 21 5 15 12 4 16 25 11 20 18 17 6 8 14 1 13 7 24 9 23
19 8 5 13 7 22 9 15 21 12 24 23 2 20 16 25 18 4 10 3 1 17 11 6 14
14 17 15 22 19 6 10 3 12 21 18 11 2 4 24 13 16 23 25 8 20 5 9 1 7
3 25 7 12 2 4 9 19 17 21 20 1 14 23 11 18 10 13 22 16 6 24 5 15 8
6 23 17 3 25 22 13 10 14 24 11 19 2 4 18 15 9 1 12 8 16 5 7 20 21
13 24 18 8 1 25 5 16 19 23 21 6 3 4 17 2 10 9 22 15 20 14 7 11 12
18 20 9 21 22 2 3 5 23 14 25 10 8 16 4 1 24 19 13 17 7 11 15 12 6
7 19 14 23 12 13 5 4 21 17 24 16 2 8 1 20 15 10 11 9 6 18 25 3 22
7 14 17 6 8 18 22 19 13 11 12 25 24 3 20 5 10 15 21 9 1 23 2 4 16
24 8 3 19 9 12 23 25 13 4 15 20 7 6 10 16 11 17 14 2 5 22 18 21 1
22 4 15 19 1 7 2 6 13 21 5 23 10 14 18 9 11 16 8 12 17 3 24 25 20
13 3 4 21 7 14 8 24 10 16 19 2 17 5 1 11 9 25 23 6 18 22 12 15 20
1 11 7 13 25 22 10 3 8 24 14 12 9 21 23 2 6 17 18 16 20 19 15 5 4
7 3 8 6 14 19 25 5 16 18 24 10 12 1 9 4 23 17 13 22 15 11 21 20 2
14 15 12 21 5 18 23 17 2 19 16 11 22 3 24 7 9 13 8 6 10 1 20 25 4
18 1 11 24 22 20 5 10 14 19 23 9 3 21 25 12 6 2 13 4 8 17 15 7 16
11 22 16 8 24 12 23 6 25 1 7 13 15 5 21 17 4 10 3 19 20 18 9 14 2
4 20 13 16 14 1 17 7 15 3 6 24 19 10 9 8 11 22 2 21 12 23 25 18 5
1 22 19 6 5 13 21 10 25 17 4 7 24 2 20 3 18 14 16 11 15 9 12 8 23
12 9 11 3 23 4 15 13 22 7 20 16 18 25 24 14 1 2 17 21 10 5 19 8 6
21 7 24 18 14 8 6 15 3 10 20 23 19 22 25 2 5 12 11 1 13 17 4 9 16
14 9 1 19 3 24 4 23 10 2 12 15 11 20 22 7 5 16 13 8 25 17 21 18 6
25 5 1 13 7 23 15 22 16 10 4 11 8 2 6 12 3 14 24 21 9 17 18 20 19
23 5 6 4 11 25 13 15 1 12 2 17 14 10 7 22 16 20 19 18 3 9 24 21 8
23 3 14 15 12 8 18 25 4 6 16 20 13 2 9 21 22 10 17 5 24 7 11 1 19
1 6 12 10 7 19 11 13 23 3 24 18 16 4 9 17 25 14 22 15 5 8 21 20 2
23 8 9 3 5 4 14 13 2 16 22 1 19 12 17 10 24 15 21 18 6 11 20 7 25
12 15 23 16 2 9 18 25 21 1 6 11 4 24 19 20 8 13 22 5 3 14 10 17 7
14 3 2 12 23 17 24 19 25 21 18 22 10 9 11 13 16 1 7 4 8 6 5 15 20
14 16 10 20 18 22 7 4 19 1 13 8 25 2 6 23 12 21 3 11 24 5 17 9 15
10 12 9 13 16 21 6 11 24 23 5 1 18 25 19 7 20 4 15 2 3 22 14 17 8
20 16 3 10 17 5 22 9 14 12 25 19 21 11 1 18 8 23 4 2 24 15 7 13 6
20 2 1 16 18 3 24 10 17 22 9 21 5 6 15 4 14 7 11 19 8 12 25 23 13
13 10 11 20 6 8 12 15 16 2 21 5 24 25 4 22 9 7 1 17 14 19 23 18 3
3 4 9 7 2 10 5 22 17 12 20 19 15 13 1 23 8 6 14 18 16 11 25 21 24
18 22 10 7 12 11 2 17 21 16 1 14 13 15 25 20 19 3 5 6 4 24 23 9 8
2 20 1 14 22 11 23 10 12 16 24 3 13 7 21 4 25 9 5 8 17 18 6 15 19
4 24 18 13 6 9 23 21 5 8 2 10 20 16 1 22 11 12 14 17 25 15 3 19 7
24 5 18 14 16 8 22 7 1 10 23 21 12 9 17 13 3 11 6 4 2 19 25 20 15
9 3 24 22 25 17 2 5 12 6 15 20 16 4 21 14 7 18 13 8 19 23 10 11 1
19 22 14 10 25 7 12 4 11 17 24 1 18 5 6 13 3 20 16 23 9 21 2 8 15
8 22 5 15 7 13 23 1 16 12 6 2 10 18 24 14 17 4 9 19 11 3 20 25 21
9 25 13 5 1 17 4 14 19 12 6 20 23 7 2 10 3 21 22 11 8 15 16 24 18
13 15 24 8 18 1 22 14 6 23 9 16 20 19 7 25 21 3 12 10 4 5 11 2 17
6 17 5 9 4 22 2 3 7 12 1 24 14 18 15 13 8 20 19 10 11 25 16 23 21
15 25 12 23 21 6 8 10 14 19 17 22 16 13 5 18 24 4 20 1 2 7 9 11 3
4 10 5 22 19 16 14 6 17 1 7 3 11 2 13 15 24 23 18 9 8 25 21 20 12
23 9 1 20 15 25 7 13 17 12 11 16 8 3 5 10 19 2 22 18 24 4 21 6 14
25 15 23 6 22 19 14 16 9 17 10 5 12 7 8 20 21 24 11 1 4 13 18 3 2
5 7 15 14 4 1 23 19 12 6 2 22 9 10 20 8 3 16 18 13 24 17 11 25 21
20 13 14 3 6 1 15 12 22 17 18 16 10 21 2 8 4 9 11 19 5 24 7 25 23
17 14 2 9 23 8 13 22 20 3 24 21 6 10 25 18 15 12 16 11 19 4 7 5 1
6 14 15 20 24 18 3 2 9 4 10 7 1 22 11 23 13 21 17 12 8 5 16 19 25
12 11 25 7 24 23 2 14 10 4 22 17 5 19 8 16 9 18 15 6 3 21 13 20 1
18 11 8 17 9 20 5 25 4 23 10 22 12 16 24 6 21 7 13 1 2 14 15 3 19
24 22 3 12 16 19 8 2 6 17 4 7 15 20 10 23 11 5 18 1 21 25 13 9 14
4 9 10 14 22 11 5 23 17 18 25 2 1 20 15 12 24 21 7 6 13 8 16 3 19
23 7 10 9 18 15 25 19 4 17 13 8 1 12 24 6 11 21 14 2 20 3 22 5 16
6 5 12 10 1 23 8 21 4 17 13 14 18 24 2 19 25 7 20 9 22 11 16 3 15
18 5 11 22 15 13 12 9 7 3 10 25 23 8 4 16 14 6 19 21 17 24 20 2 1
8 10 3 23 5 20 22 1 19 14 11 18 17 2 24 13 7 12 25 15 4 21 9 6 16
6 24 11 10 18 19 8 1 4 23 22 20 14 17 25 13 2 21 12 9 5 15 7 3 16
22 25 23 13 8 16 12 11 14 1 5 15 19 24 20 7 3 10 18 6 4 21 17 9 2
15 20 21 5 23 14 4 2 9 7 8 16 25 12 18 3 6 17 19 13 22 24 11 1 10
10 21 14 18 15 25 1 8 9 22 23 6 16 7 3 19 2 13 24 5 11 20 4 12 17
9 14 7 1 23 21 15 6 17 8 13 18 25 12 19 2 16 4 3 11 22 24 5 10 20
16 19 24 23 5 6 21 2 8 18 14 12 3 25 13 7 17 15 20 11 22 4 9 1 10
1 23 14 15 7 18 17 16 8 19 2 22 25 11 24 3 4 20 5 10 6 12 9 21 13
10 25 11 23 7 12 13 20 6 4 5 15 24 1 3 21 14 8 18 9 19 22 16 2 17
9 23 17 3 22 21 14 4 1 8 24 20 12 19 11 5 25 18 15 13 7 6 2 16 10
13 22 4 20 14 12 6 9 24 23 19 18 8 16 10 3 25 15 1 17 21 11 5 7 2
2 18 10 1 7 13 12 5 17 25 22 14 21 6 15 24 20 3 16 19 23 4 11 9 8
8 16 5 12 7 11 13 15 23 14 10 4 24 19 18 17 6 2 9 1 25 3 21 22 20
11 10 18 24 6 1 14 17 15 8 4 5 13 2 19 25 12 9 7 20 22 16 3 21 23
2 21 12 7 13 15 22 24 18 17 4 9 10 16 20 3 8 23 14 19 25 1 5 6 11
13 9 18 3 1 21 7 17 25 11 12 8 16 5 15 24 10 23 19 22 6 2 4 14 20
23 22 9 1 13 8 17 6 4 5 20 7 11 21 16 19 24 3 25 2 12 15 14 18 10
10 15 7 1 20 23 2 5 11 25 21 4 24 8 17 13 16 19 6 22 14 12 9 18 3
17 20 7 4 15 24 12 9 16 25 8 18 10 14 13 1 6 3 21 11 22 5 23 19 2
1 22 6 10 24 19 21 16 25 20 2 13 18 15 11 9 14 5 7 23 8 12 3 4 17
6 21 4 15 20 22 18 12 1 17 23 5 24 2 16 9 19 3 7 13 14 25 8 10 11
12 14 20 8 9 21 2 13 24 19 1 25 17 7 5 16 15 11 3 22 18 6 4 23 10
11 5 19 14 6 9 15 16 3 2 20 24 10 18 21 17 25 7 4 1 12 22 13 8 23
23 1 11 25 19 17 22 24 8 16 7 3 18 2 14 12 6 20 10 13 4 5 15 21 9
20 23 19 24 12 1 21 17 5 2 7 15 25 8 16 3 10 6 14 11 4 18 9 22 13
12 19 4 10 11 25 23 9 3 17 6 5 22 7 18 16 15 24 14 20 21 1 8 13 2
10 11 5 4 16 20 19 9 23 13 18 25 6 14 12 3 15 2 7 21 8 24 17 22 1
14 24 16 17 10 6 22 1 25 23 18 21 5 3 15 20 8 2 9 12 4 13 19 11 7
24 17 11 15 21 13 10 22 25 1 18 16 2 5 20 12 4 6 19 23 3 9 7 14 8
19 13 6 22 16 1 14 10 4 24 3 2 15 12 9 7 5 11 18 8 25 23 20 21 17
11 3 8 18 24 19 17 9 25 21 2 16 15 12 7 10 4 13 20 23 1 14 5 6 22
19 25 4 11 16 24 10 21 13 7 12 22 14 23 17 1 3 20 5 18 15 8 9 6 2
4 6 24 15 8 2 18 21 12 11 1 3 20 5 9 7 19 22 10 17 16 13 25 23 14
6 3 10 18 11 16 8 19 13 9 17 12 14 25 2 1 20 7 4 23 5 21 15 24 22
15 25 13 9 2 1 24 21 7 14 17 11 18 12 16 23 19 6 8 20 22 3 10 4 5
7 20 21 5 4 8 24 12 11 18 2 15 14 22 17 3 6 23 10 1 16 19 25 9 13
14 15 9 2 12 6 18 23 5 19 1 24 11 4 13 16 17 7 25 21 20 10 3 8 22
9 23 6 18 22 14 17 20 12 13 16 11 25 10 19 24 3 4 21 15 7 1 5 2 8
19 18 25 10 3 17 14 12 4 20 8 6 1 5 2 15 21 11 7 23 24 16 13 9 22
16 25 1 12 7 24 17 10 19 20 6 22 8 18 11 14 3 13 23 9 4 5 15 2 21
25 18 15 16 2 4 19 17 14 23 10 21 1 8 5 9 6 7 20 11 22 12 3 24 13
14 2 21 15 18 23 13 5 25 1 6 11 16 9 3 12 19 24 4 22 17 10 20 8 7
20 22 1 11 21 14 6 25 17 2 16 4 13 19 18 3 23 5 15 12 10 8 24 9 7
17 13 23 21 12 22 3 10 5 18 24 8 9 7 11 14 25 19 16 20 15 1 2 4 6
24 1 22 3 19 25 14 9 10 8 18 21 5 4 15 17 20 13 16 11 12 23 6 2 7
13 5 25 2 12 19 9 4 21 20 11 23 3 6 10 18 7 1 24 17 14 22 8 15 16
9 16 19 8 22 24 2 15 14 17 21 12 7 25 13 3 10 11 6 5 23 1 18 20 4
1 11 13 25 15 18 16 12 22 5 14 7 9 21 17 23 8 24 2 19 3 20 10 6 4
19 20 17 13 24 15 21 16 22 18 23 9 1 11 3 5 8 25 4 2 12 14 7 6 10
15 14 22 11 20 19 2 13 16 1 17 3 24 25 23 21 10 6 9 18 7 8 12 5 4
18 10 9 11 7 1 13 21 25 20 22 23 16 5 8 12 4 2 3 14 6 19 24 15 17
21 3 16 6 5 23 1 15 22 12 10 24 20 14 13 17 18 19 7 9 2 11 8 25 4
2 24 22 6 15 10 25 23 17 18 1 21 8 20 11 12 7 9 19 4 13 16 5 3 14
12 18 11 24 20 23 6 8 19 21 3 22 25 10 5 15 17 14 1 2 16 9 7 13 4
10 15 8 14 18 25 4 16 11 3 1 23 6 22 17 12 24 2 5 19 21 13 9 20 7
23 24 9 14 16 20 22 13 12 15 25 21 7 10 11 5 18 6 1 19 2 17 4 8 3
9 8 17 24 11 12 6 5 21 20 15 3 14 10 19 2 4 18 1 16 13 25 7 23 22
12 20 10 4 1 21 25 9 17 11 24 16 8 5 7 18 23 13 6 22 3 19 2 15 14
8 6 10 23 19 25 5 15 12 17 20 14 22 9 13 4 3 16 11 24 2 18 21 1 7
7 15 17 3 24 11 4 20 2 9 21 23 14 8 12 6 1 16 18 19 13 10 22 5 25
10 22 19 15 25 5 12 1 16 9 2 7 17 3 11 20 24 18 13 4 14 21 23 8 6
12 3 6 22 11 13 15 5 19 18 7 16 23 4 20 10 2 9 24 14 21 17 25 1 8
18 1 6 14 20 9 16 4 7 15 12 23 11 2 21 13 25 8 22 10 3 24 19 5 17
6 20 11 22 1 15 18 4 8 19 17 13 21 2 3 12 5 24 10 23 9 25 14 16 7
1 11 12 8 7 25 20 19 18 10 4 22 3 21 5 6 17 15 24 14 13 9 23 2 16
6 13 25 9 3 2 18 12 17 10 22 11 15 1 24 19 20 4 16 8 14 23 21 5 7
8 11 10 2 23 24 18 15 19 7 22 25 6 1 21 13 17 20 4 5 9 12 14 16 3
15 3 16 17 2 5 18 8 12 9 22 23 11 6 14 4 21 7 1 25 20 19 13 24 10
10 9 17 5 22 6 20 25 7 19 2 8 13 23 15 18 14 16 1 4 11 12 21 3 24
22 6 8 1 5 24 25 12 9 17 11 13 15 19 21 16 23 2 14 3 20 4 7 18 10
4 21 2 5 3 22 8 12 10 23 19 20 18 24 25 11 9 1 17 15 13 14 16 6 7
3 24 6 1 16 13 17 21 25 4 22 2 18 14 8 20 9 15 12 10 19 5 7 23 11
17 2 18 24 22 23 7 25 11 19 5 10 1 14 15 8 9 4 21 12 20 6 3 13 16
3 16 14 5 9 12 23 4 11 2 24 22 18 7 10 21 13 15 19 17 6 20 25 8 1
6 19 5 18 17 13 20 21 2 3 7 24 4 1 14 12 8 15 23 25 22 10 16 9 11
11 5 9 7 6 8 22 1 15 14 23 20 10 4 24 25 17 3 2 12 18 13 21 19 16
20 25 2 14 22 8 18 4 6 19 10 12 11 24 1 5 3 13 7 23 17 15 21 9 16
6 15 25 13 3 2 4 14 21 8 7 1 22 12 11 18 19 10 16 17 9 20 24 5 23
4 9 19 1 18 21 15 11 25 8 3 22 17 5 14 12 23 16 6 10 7 2 13 20 24
16 23 18 11 24 13 22 6 14 4 5 20 21 8 7 2 17 15 3 1 19 10 9 25 12
3 8 22 5 7 25 24 4 17 15 16 2 1 19 23 21 13 20 6 12 10 18 9 14 11
6 24 3 2 7 14 11 15 20 25 8 10 22 12 16 18 17 1 23 13 4 5 21 19 9
23 9 12 8 6 20 3 21 19 22 25 18 24 5 13 15 16 17 14 7 11 4 1 10 2
25 3 1 17 22 12 21 20 13 11 9 16 14 23 7 6 5 24 4 19 2 15 10 18 8
25 2 16 21 6 1 22 24 14 9 3 12 7 19 4 11 10 8 5 17 13 23 15 20 18
21 9 2 15 23 8 4 22 20 16 1 14 25 19 5 13 7 6 24 11 12 10 17 18 3
11 16 2 20 1 22 10 4 12 25 17 21 5 8 19 3 15 23 24 7 9 6 13 14 18
24 17 25 11 23 12 6 9 21 7 5 20 8 1 13 19 16 4 15 2 3 18 22 10 14
8 10 5 6 3 17 11 18 16 9 2 1 19 7 13 15 4 20 22 12 14 24 21 25 23
21 15 17 24 16 6 7 10 4 13 2 5 9 1 12 19 3 25 20 22 8 18 11 23 14
20 14 3 25 17 4 10 11 24 22 6 1 9 23 21 13 19 8 15 5 16 7 2 18 12
19 23 6 2 4 16 11 18 25 3 20 15 13 5 22 14 9 12 1 21 24 17 8 10 7
13 15 8 2 3 23 18 9 10 12 25 21 17 22 16 14 20 24 6 1 7 5 11 4 19
18 16 5 19 23 8 24 17 14 10 3 1 9 20 15 22 25 13 11 12 4 21 7 6 2
9 14 5 25 19 2 8 16 3 21 17 7 22 1 13 10 6 4 20 23 24 11 12 15 18
2 10 20 15 23 6 16 17 11 5 4 19 1 12 25 14 9 21 7 13 22 18 3 24 8
4 2 5 23 20 8 7 24 19 13 22 11 1 10 12 15 6 25 14 16 9 18 3 21 17
11 2 9 6 24 22 20 5 16 23 19 17 13 25 8 4 3 14 7 1 21 18 12 15 10
9 14 16 19 25 12 24 20 10 1 22 7 18 2 21 15 3 11 6 5 23 8 4 13 17
3 8 20 17 1 16 14 18 2 11 10 23 13 19 24 7 25 21 4 22 9 6 15 5 12
1 10 8 16 5 19 23 11 7 22 4 18 2 6 17 21 15 13 20 14 3 12 24 9 25
8 10 6 1 18 22 16 9 3 11 23 24 25 2 13 4 20 21 12 5 17 14 19 15 7
15 22 16 11 25 13 7 5 19 20 9 6 10 23 21 17 2 12 8 1 14 18 3 24 4
3 23 1 13 15 6 20 11 9 25 2 7 24 8 16 14 5 18 4 19 12 21 10 22 17
10 12 16 2 1 24 25 13 7 14 20 4 18 19 3 9 15 8 11 17 23 22 5 6 21
11 23 17 18 5 13 19 8 4 9 6 20 10 3 12 15 14 24 16 21 22 7 25 2 1
24 7 11 5 22 3 9 15 18 12 19 13 25 2 23 21 8 4 20 14 16 10 17 6 1
17 20 21 1 16 4 3 18 8 13 24 23 9 25 19 5 11 6 15 12 14 22 7 10 2
7 18 10 20 2 17 12 16 21 8 22 19 5 25 13 15 14 3 4 23 9 1 6 24 11
3 21 17 22 8 14 16 10 13 1 12 11 9 6 7 25 4 18 23 19 15 24 5 2 20
12 24 9 1 19 17 8 23 14 6 10 11 21 22 25 3 13 2 5 7 4 18 20 16 15
12 10 23 20 11 1 6 8 16 18 25 4 17 2 22 13 9 15 7 24 21 5 19 3 14
5 18 21 13 6 1 11 3 2 22 23 9 24 12 10 15 4 7 25 17 19 20 14 16 8
10 14 2 13 7 8 1 3 9 25 23 17 12 19 24 22 16 21 5 6 15 11 4 18 20
10 6 18 11 25 19 21 24 2 15 16 7 1 22 23 5 9 12 4 20 3 8 14 13 17
1 16 3 19 2 8 24 14 15 13 6 22 10 21 4 25 12 5 11 23 17 9 20 7 18
6 23 10 7 17 20 19 14 5 15 3 22 16 21 8 12 4 25 18 24 11 2 1 9 13
12 14 8 24 17 1 23 10 11 18 20 22 13 6 5 16 7 21 25 3 2 9 19 15 4
15 7 18 11 3 20 16 22 23 4 8 9 10 17 6 1 24 19 5 14 25 12 21 13 2
20 7 19 4 2 21 3 23 1 16 13 14 24 25 9 8 17 11 10 6 12 22 18 15 5
15 16 21 20 2 24 3 5 12 1 22 18 10 4 14 9 13 6 11 7 17 23 25 8 19
1 2 25 23 5 13 4 17 20 7 8 24 21 10 11 15 22 16 9 6 19 12 14 18 3
22 19 23 17 25 9 3 11 5 15 7 12 18 13 4 2 21 16 10 14 1 24 8 6 20
21 2 1 16 4 18 23 13 6 3 24 14 15 7 11 5 22 20 17 12 8 9 25 19 10
25 11 23 19 1 7 21 14 8 5 4 12 13 15 17 3 24 22 2 20 9 6 18 16 10
13 6 18 11 10 9 21 22 8 19 7 2 12 24 1 3 5 17 25 14 4 20 23 15 16
10 22 5 15 2 17 20 6 4 11 12 9 18 3 23 13 1 19 14 8 7 16 25 21 24
2 10 22 23 20 11 16 12 13 5 1 24 17 19 7 15 25 18 8 21 9 6 14 3 4
5 16 25 23 2 19 7 8 15 9 12 14 20 17 3 18 4 21 24 6 10 1 13 22 11
23 16 17 9 1 20 6 2 11 12 21 4 22 19 14 25 13 7 5 18 8 3 15 24 10
20 19 8 21 7 15 10 18 2 12 22 17 4 23 25 1 24 16 5 3 6 14 13 9 11
10 23 8 15 6 4 12 5 18 16 22 3 1 13 21 14 11 9 24 25 19 17 2 20 7
10 7 5 21 14 8 16 9 2 13 11 17 3 1 18 24 22 23 20 4 25 12 6 19 15
24 12 5 2 19 11 21 8 22 18 20 9 13 14 10 15 25 1 4 3 6 7 16 17 23
14 7 15 5 18 23 8 4 6 24 21 20 19 3 12 2 25 1 17 22 13 10 16 9 11
9 7 19 24 22 10 1 15 8 14 3 17 21 13 2 5 6 25 16 4 12 20 18 11 23
25 15 6 16 1 12 11 8 17 14 13 4 21 19 23 2 22 9 20 10 3 7 5 18 24
20 9 7 21 11 15 14 4 19 2 25 1 10 6 24 5 13 12 3 17 22 8 18 16 23
17 5 11 22 6 16 8 21 3 12 9 15 14 25 4 24 10 13 19 1 7 2 18 23 20
1 13 23 5 21 16 18 14 7 19 12 8 15 22 2 3 17 24 4 10 20 6 11 9 25
6 11 12 4 18 10 5 21 17 20 1 9 3 16 14 19 15 24 13 8 2 23 22 7 25
17 12 22 1 24 20 14 25 6 7 11 9 4 15 2 5 13 3 18 8 21 10 19 16 23
23 3 19 21 5 25 6 1 10 8 15 11 14 7 16 4 20 12 22 24 9 17 18 13 2
19 12 24 15 23 18 13 6 3 9 10 21 16 2 8 1 20 11 14 17 25 4 5 22 7
25 12 18 2 17 22 5 23 13 11 16 21 4 10 3 15 7 24 6 14 1 19 20 9 8
12 17 7 16 14 5 21 11 1 6 13 15 4 20 10 18 22 19 2 9 23 25 8 24 3
20 2 23 6 15 8 21 4 9 13 5 22 17 19 7 11 12 1 3 16 14 24 10 18 25
11 18 7 8 23 10 9 21 20 25 12 4 6 5 16 14 2 17 19 22 1 15 13 3 24
20 17 18 23 10 9 3 1 16 22 6 11 2 21 15 25 4 14 13 12 5 24 19 8 7
16 11 19 20 23 10 7 1 25 9 2 8 13 15 24 22 21 14 4 18 6 12 5 3 17
11 12 10 5 7 2 14 19 17 13 18 8 1 3 21 9 20 4 23 16 6 25 15 22 24
18 21 17 19 14 11 10 1 9 3 20 13 12 24 25 2 6 7 23 22 15 16 8 4 5
14 8 12 17 10 2 25 22 5 19 13 7 3 15 4 16 24 18 1 9 20 6 21 23 11
12 19 25 18 1 5 4 22 13 20 3 21 11 17 6 16 8 23 15 10 14 24 2 7 9
10 17 21 1 15 8 11 5 22 7 23 6 18 25 12 20 3 4 24 14 19 9 13 2 16
18 17 24 11 8 22 3 19 25 23 6 10 5 16 4 15 1 14 13 12 20 2 21 7 9
16 12 2 13 5 8 7 24 21 22 4 1 23 15 14 17 3 9 19 20 10 25 6 11 18
8 18 21 20 3 15 22 7 10 4 13 12 19 16 1 17 2 11 5 14 25 23 9 6 24
22 17 23 25 13 18 24 21 6 9 4 12 8 14 7 20 2 11 5 15 1 10 16 3 19
2 5 13 9 15 25 11 4 24 14 3 22 23 12 6 17 19 1 20 10 18 16 7 8 21
7 10 23 13 8 20 18 12 17 3 24 14 22 2 19 15 16 6 9 4 25 5 1 21 11
18 16 20 24 12 11 23 5 7 8 25 19 14 15 17 3 1 22 21 13 4 10 2 9 6
21 22 16 17 2 6 14 15 18 20 25 8 4 10 13 5 24 7 3 12 11 9 1 19 23
14 23 6 3 2 25 10 18 1 24 21 12 20 8 17 16 11 4 13 7 22 9 5 19 15
7 24 18 4 21 25 15 2 23 3 14 16 9 5 17 12 6 10 13 8 1 20 11 19 22
16 15 6 24 7 8 4 12 13 19 1 14 20 5 10 3 21 18 17 2 22 9 23 25 11
22 2 16 9 5 25 14 13 12 23 4 17 7 8 24 10 1 6 18 21 15 11 3 20 19
6 24 8 25 16 5 17 2 22 4 23 1 12 10 19 15 14 13 20 18 9 3 7 11 21
18 20 19 2 15 25 13 24 14 6 8 10 7 23 17 22 11 3 5 12 1 4 9 16 21
22 12 15 20 13 3 17 16 11 23 10 8 7 6 5 2 1 21 24 18 4 14 25 19 9
21 10 11 8 24 16 7 13 19 12 14 1 25 9 22 15 2 3 18 20 6 5 4 23 17
15 16 23 6 10 4 21 5 14 3 1 20 19 24 18 12 13 11 9 22 2 7 17 8 25
6 22 9 7 20 8 10 16 4 1 14 23 21 17 11 2 3 12 5 13 24 18 25 15 19
9 2 19 15 22 25 3 8 18 10 4 24 14 17 23 12 13 1 7 21 11 6 20 16 5
14 9 10 16 20 11 25 24 17 23 1 19 18 12 22 2 15 21 3 4 7 5 8 6 13
10 5 23 17 24 18 7 25 21 22 2 3 20 19 8 9 15 13 16 11 14 1 6 4 12
17 1 12 2 19 25 15 24 4 6 10 21 20 23 22 13 7 5 9 8 18 16 11 3 14
15 9 19 16 13 24 6 1 7 25 5 14 3 2 21 8 17 11 10 12 20 18 4 23 22
18 2 15 1 11 25 16 24 5 21 9 3 4 13 7 23 12 22 10 19 20 8 6 17 14
18 20 10 24 3 9 12 11 7 19 2 8 25 15 1 17 23 14 16 4 22 5 6 13 21
15 20 18 21 11 9 10 25 4 1 5 24 17 12 3 6 16 8 13 14 7 23 19 2 22
25 22 12 8 11 3 6 15 9 1 17 19 18 24 5 16 21 10 20 4 14 7 2 23 13
24 13 11 23 22 5 17 15 21 25 20 6 12 3 14 10 4 1 19 7 2 18 16 9 8
5 24 1 25 19 22 21 13 17 7 23 4 15 12 2 9 16 18 10 14 8 20 6 3 11
22 13 25 14 2 17 6 21 23 4 19 12 9 8 3 15 20 5 24 11 1 16 7 10 18
17 19 22 21 8 15 1 2 13 24 14 3 4 5 6 10 23 25 18 12 20 11 9 7 16
21 13 1 19 3 17 7 24 9 18 2 6 5 15 23 11 14 22 10 4 12 16 8 20 25
18 9 8 24 11 2 14 25 10 21 19 3 17 4 22 6 5 7 12 13 15 23 16 1 20
21 5 19 10 22 9 12 11 18 24 8 17 3 14 16 20 15 25 4 1 7 2 23 6 13
7 23 9 15 10 2 5 22 11 3 16 12 6 24 13 17 19 18 25 1 8 21 4 14 20
8 19 16 14 21 9 18 15 1 25 11 24 23 5 3 10 4 20 7 22 2 17 13 6 12
20 11 16 21 15 2 8 25 5 4 14 17 9 6 12 22 24 3 18 7 10 19 23 13 1
11 14 13 2 10 9 6 22 8 16 12 17 15 21 7 4 5 19 18 1 25 23 24 20 3
7 4 15 9 17 22 24 8 2 18 25 19 23 5 11 13 6 12 16 14 10 21 20 1 3
12 21 15 10 25 2 17 8 4 18 13 11 6 5 9 1 3 24 22 14 20 23 19 16 7
5 12 13 24 6 10 3 20 8 18 19 23 16 4 14 1 11 15 2 25 21 17 9 7 22
17 1 8 21 23 20 13 4 12 7 24 3 22 10 15 5 19 18 9 25 14 2 11 16 6
1 7 6 17 2 23 16 21 9 22 19 11 8 3 4 18 13 20 15 25 24 12 10 14 5
9 7 12 2 19 18 6 4 21 10 11 15 13 25 22 5 14 16 20 3 17 1 24 23 8
19 15 1 4 10 14 21 13 17 11 24 20 8 16 18 22 12 5 2 23 25 6 7 3 9
4 6 17 11 21 19 24 8 9 20 2 18 16 15 22 1 13 25 14 3 5 7 12 23 10
11 17 22 16 7 19 6 20 1 10 25 14 4 23 18 24 12 8 3 9 15 21 2 13 5
21 1 5 4 18 22 3 23 10 11 14 19 12 9 13 20 25 24 6 2 8 16 7 17 15
14 11 12 8 10 15 3 20 16 17 5 22 21 25 24 19 7 1 23 6 4 9 2 18 13
14 15 3 17 5 8 4 25 10 9 6 1 21 11 7 19 13 2 20 16 12 23 22 18 24
22 9 21 7 24 18 10 6 2 13 11 15 25 16 4 19 20 1 12 23 8 17 5 3 14
19 11 15 16 8 12 9 3 6 14 7 23 13 25 21 2 10 18 17 24 4 5 22 20 1
12 16 2 14 19 6 9 25 24 13 10 15 23 5 1 11 7 18 3 20 22 17 21 8 4
8 5 17 9 16 18 24 1 22 20 15 13 6 14 19 2 12 4 25 3 11 7 10 23 21
14 2 22 16 4 15 24 23 13 17 18 11 6 20 7 1 25 21 19 3 5 8 12 10 9
10 20 15 16 18 17 7 6 2 12 13 25 22 11 14 5 21 1 9 3 19 8 24 23 4
15 2 1 21 6 13 22 7 23 8 16 20 12 25 11 10 14 5 9 24 4 18 3 19 17
24 11 5 10 17 3 20 4 19 2 15 16 1 7 23 6 25 14 22 18 9 8 12 13 21
14 6 10 9 13 4 18 17 16 24 3 7 1 2 12 21 25 5 20 8 15 22 19 11 23
21 2 19 9 25 1 17 6 4 23 20 13 15 8 18 11 10 5 22 14 3 12 7 24 16
23 12 16 14 19 10 7 9 5 11 18 4 13 20 21 3 22 1 6 2 8 17 24 25 15
12 9 8 1 23 2 22 24 17 20 16 4 18 19 13 21 15 14 25 6 3 10 7 11 5
8 21 23 14 6 3 11 24 10 18 15 25 19 12 2 5 17 13 9 7 16 22 20 4 1
12 13 5 3 16 6 14 22 4 17 2 24 21 20 18 1 8 19 10 11 9 7 25 23 15
2 5 23 10 12 4 9 20 19 17 3 18 15 7 22 1 11 25 21 24 6 13 14 16 8
13 5 18 8 3 24 10 12 25 4 7 1 17 23 9 19 22 21 20 15 16 6 11 2 14
16 8 14 6 21 9 23 1 4 22 13 19 5 15 17 10 11 3 2 25 18 24 7 12 20
17 25 15 19 18 21 13 1 24 10 14 12 4 6 7 23 8 5 16 2 20 22 9 11 3
6 8 25 4 2 13 12 11 19 18 14 7 5 17 15 9 22 1 24 3 16 21 23 20 10
18 4 7 10 15 3 8 1 19 6 13 17 25 11 12 22 23 5 9 2 20 16 24 14 21
1 22 24 14 21 18 19 10 9 16 25 12 23 5 15 7 2 13 3 8 4 17 20 6 11
6 25 2 4 22 15 17 21 10 5 3 19 1 20 9 24 18 12 14 13 7 8 23 16 11
19 13 4 18 24 15 21 2 25 3 8 20 14 23 7 6 10 1 5 11 16 22 9 17 12
20 7 9 11 17 25 8 23 12 4 13 16 5 2 14 1 24 15 10 19 3 6 18 22 21
6 17 19 10 12 23 14 18 2 24 21 16 8 5 25 22 3 4 20 15 11 9 13 7 1
2 1 10 18 8 16 5 22 24 6 4 20 15 19 9 17 7 25 21 23 13 3 11 14 12
12 7 11 19 3 21 6 17 9 22 13 24 10 4 8 25 18 23 16 14 15 5 2 20 1
18 17 6 1 4 12 7 2 16 23 19 22 25 15 3 8 11 13 10 9 21 20 14 24 5
7 15 2 4 5 25 14 18 3 22 1 12 24 10 6 13 19 20 21 17 11 16 9 23 8
3 23 18 25 11 9 21 10 6 4 8 19 12 17 7 2 1 13 22 16 14 24 5 15 20
2 22 4 1 23 7 5 21 11 17 6 10 18 25 12 14 13 24 15 9 20 3 8 19 16
6 3 14 9 19 11 23 16 1 12 5 10 13 18 25 15 24 2 17 22 4 21 7 20 8
6 10 5 21 24 12 16 15 17 8 20 14 25 19 13 4 9 18 23 7 22 2 1 11 3
5 21 19 14 17 6 9 23 13 10 22 4 24 3 12 1 20 8 18 11 15 25 7 2 16
8 9 20 1 12 17 7 15 14 23 22 2 3 21 11 25 13 19 5 6 24 18 4 16 10
21 14 16 3 2 15 23 13 9 24 4 19 18 6 22 8 5 20 11 12 7 25 10 17 1
20 7 9 19 12 18 4 11 21 3 1 24 15 10 13 2 6 25 23 17 22 5 14 8 16
7 15 22 23 24 13 6 18 11 1 3 4 25 12 10 21 14 19 5 17 8 2 16 9 20
3 15 8 7 17 11 5 16 22 12 23 19 25 6 10 4 20 24 1 14 13 21 2 18 9
25 23 5 3 17 20 24 11 13 21 2 19 10 15 14 4 22 16 8 6 1 18 7 9 12
10 1 4 16 6 8 5 9 7 15 24 21 19 22 17 23 12 3 11 14 25 20 18 2 13
23 17 7 21 8 13 19 22 20 10 1 4 15 3 5 14 12 11 25 6 24 9 16 2 18
20 7 9 21 1 23 19 25 18 24 13 17 15 8 2 10 22 14 16 11 4 6 12 3 5
14 25 12 10 13 6 8 2 21 4 19 17 22 16 7 24 3 5 11 15 1 23 9 20 18
16 1 17 5 7 20 2 11 10 15 21 4 22 13 8 12 19 14 3 18 25 23 9 6 24
22 14 13 12 17 25 16 19 5 15 18 4 6 20 3 7 2 10 11 21 9 24 8 1 23
9 1 20 21 5 8 7 18 4 25 14 11 19 13 15 12 22 6 3 16 10 17 2 24 23
13 17 7 19 3 23 4 18 15 24 25 12 2 20 9 16 6 10 14 11 8 1 21 22 5
1 21 25 10 2 3 17 24 8 14 18 11 23 22 4 6 19 15 20 5 7 16 13 9 12
19 14 2 21 13 10 24 15 12 16 8 25 5 17 20 22 11 7 3 1 4 23 6 9 18
8 7 3 19 16 25 1 10 12 22 24 18 5 20 14 2 4 23 11 15 9 6 21 17 13
23 18 5 6 8 2 22 12 14 17 3 10 15 1 16 24 13 9 21 4 7 20 25 11 19
24 22 10 17 6 11 7 4 18 1 13 15 20 21 14 12 2 19 3 8 5 16 9 23 25
5 23 1 25 9 12 10 20 19 7 17 16 14 13 4 8 22 6 18 21 2 24 11 3 15
23 9 15 25 4 6 24 11 18 5 13 20 10 3 7 2 21 12 22 1 19 16 14 8 17
5 6 3 14 16 18 17 7 13 23 4 8 9 25 2 22 11 15 21 20 19 1 24 12 10
1 3 15 17 19 10 25 20 5 6 13 22 12 24 2 8 14 9 7 18 23 11 16 21 4
14 3 15 25 13 6 20 10 17 19 7 9 5 18 21 22 2 24 4 11 23 16 8 12 1
4 19 13 9 7 14 20 6 11 22 21 18 1 15 8 17 25 24 5 3 23 16 12 10 2
16 11 23 5 17 2 15 6 10 13 3 4 20 9 21 24 8 22 7 25 14 1 12 19 18
2 9 10 17 8 3 20 11 19 15 25 13 5 12 6 24 1 7 4 23 21 16 22 14 18
16 1 24 14 21 22 5 6 10 18 25 13 3 7 17 23 19 9 2 12 20 15 8 11 4
25 6 17 4 2 20 3 14 1 8 16 9 23 5 7 18 15 19 11 21 22 10 12 13 24
15 20 13 23 1 11 24 17 16 4 22 19 9 25 3 2 8 14 21 7 12 18 5 6 10
20 8 7 23 18 13 14 2 19 16 9 3 17 10 1 21 22 25 6 15 12 11 24 5 4
18 25 9 1 22 14 3 19 2 20 8 13 11 15 17 16 10 12 24 5 4 6 23 21 7
16 7 10 3 12 22 20 23 25 17 11 19 6 13 1 4 21 2 5 15 8 24 14 9 18
20 6 2 3 23 4 15 17 19 5 9 25 8 16 12 13 14 18 21 1 10 7 22 11 24
1 12 3 20 21 7 25 9 4 8 19 14 16 17 11 2 5 18 23 13 10 22 15 6 24
7 14 24 16 25 11 2 17 19 5 23 15 4 8 9 1 18 13 6 22 3 12 10 21 20
8 25 7 2 12 15 16 11 24 5 1 9 3 21 23 22 4 13 6 10 19 17 14 20 18
1 20 18 9 15 3 25 22 12 24 7 5 19 2 10 21 17 8 11 13 14 6 16 4 23
22 5 4 18 10 20 24 9 1 11 16 6 12 15 7 14 17 3 8 23 21 2 25 13 19
11 18 3 1 15 8 4 22 24 16 14 7 12 25 5 6 9 20 23 2 19 21 10 13 17
25 24 15 2 9 14 23 18 13 12 11 6 5 22 17 1 10 3 7 19 16 20 21 4 8
20 25 11 2 15 21 23 5 17 22 18 19 8 9 1 16 6 10 3 24 12 4 7 14 13
22 15 8 17 1 25 7 24 5 2 18 10 13 12 19 3 6 4 14 11 16 20 9 21 23
22 11 19 13 24 16 9 6 20 18 23 15 3 14 17 8 1 25 10 4 5 7 2 21 12
3 22 10 19 24 14 16 12 11 13 4 18 25 6 23 8 5 20 15 17 1 9 7 21 2
6 21 8 14 24 10 23 3 4 1 16 13 11 15 22 2 18 25 12 7 20 19 17 9 5
20 17 1 7 9 11 23 6 3 8 22 14 21 12 2 24 5 19 13 25 4 18 15 16 10
11 5 24 20 25 12 2 13 10 8 18 15 14 19 1 17 4 23 7 21 3 9 22 16 6
15 21 17 11 23 16 7 6 25 18 10 13 12 22 1 5 8 9 2 19 3 20 4 24 14
15 8 22 19 3 25 4 18 10 12 21 5 6 17 7 16 23 2 14 20 11 9 13 24 1
4 24 25 3 11 23 20 12 16 19 6 15 5 14 1 22 17 10 9 2 8 13 21 18 7
23 20 11 14 19 24 5 10 7 22 2 8 9 3 16 1 6 18 13 21 17 25 15 4 12
14 13 21 6 22 17 19 12 7 1 25 3 16 2 5 9 20 18 24 11 15 8 4 23 10
1 16 23 21 6 7 15 8 17 3 25 19 4 12 11 9 10 13 2 24 22 5 14 20 18
25 12 13 22 4 1 10 11 20 3 6 2 14 18 23 9 15 17 16 5 7 19 21 24 8
12 3 24 7 2 9 5 25 4 23 20 17 13 14 10 1 8 22 15 18 16 11 6 21 19
7 21 3 8 11 25 23 1 6 12 5 19 13 16 24 18 15 14 2 17 10 20 4 22 9
22 14 8 2 23 5 4 17 13 3 20 18 7 12 21 10 15 25 9 19 16 6 1 11 24
9 17 8 7 10 4 3 5 18 25 15 6 16 24 22 21 12 19 2 11 13 23 1 14 20
23 7 9 21 4 25 24 3 6 15 11 13 22 17 8 19 16 5 18 2 1 10 12 14 20
10 15 3 22 5 16 9 6 1 23 14 18 17 21 11 24 20 13 2 8 12 7 19 25 4
15 2 9 23 6 14 1 13 16 22 25 24 7 21 18 11 12 4 3 10 19 20 5 8 17
1 4 13 16 9 14 15 23 20 6 25 8 7 24 19 11 18 2 5 3 22 17 10 21 12
24 8 4 12 13 18 7 14 15 16 3 10 23 5 19 17 11 21 25 1 6 22 2 9 20
9 7 15 23 12 22 18 3 8 14 10 17 5 24 6 25 16 20 21 13 4 19 2 11 1
5 7 22 23 4 9 12 20 24 3 10 18 13 14 15 8 16 11 1 25 17 2 21 19 6
5 19 4 7 11 6 9 24 20 18 15 13 1 12 25 14 3 17 22 8 23 10 21 2 16
17 20 25 8 21 11 3 12 18 19 10 1 2 9 4 13 23 14 5 6 16 15 22 24 7
16 12 2 17 4 11 3 15 25 5 14 20 6 7 22 8 23 1 18 19 24 9 10 13 21
13 8 20 4 23 24 2 9 5 10 16 25 21 3 6 12 15 1 14 11 18 7 17 22 19
10 17 22 13 23 24 4 7 15 19 6 14 2 25 12 8 1 21 5 20 16 18 3 11 9
2 20 10 6 24 13 18 25 17 22 7 5 14 15 9 8 16 23 3 19 1 4 12 21 11
13 17 25 7 15 20 19 9 18 5 23 11 3 12 14 1 4 6 2 8 16 21 24 22 10
2 15 25 8 21 9 1 18 19 14 7 22 20 11 10 13 5 16 17 12 24 6 3 23 4
14 24 22 12 19 20 1 9 11 10 21 23 2 16 4 3 18 6 7 13 8 17 5 15 25
25 6 1 14 12 10 15 3 23 22 19 18 2 20 17 9 21 5 24 16 13 7 4 11 8
13 8 10 6 22 19 20 1 23 7 2 25 14 17 24 18 21 12 5 3 9 11 16 15 4
7 24 15 3 20 12 19 14 8 2 17 11 16 4 9 25 1 10 6 13 21 23 5 18 22
8 15 6 11 1 7 16 4 20 10 24 23 18 12 25 17 13 14 3 22 5 2 9 19 21
13 7 15 10 2 19 8 9 24 22 25 11 17 14 1 23 3 12 6 21 20 16 5 4 18
3 11 14 16 24 15 4 8 23 13 25 18 9 6 19 21 2 7 17 12 22 1 20 10 5
11 2 21 14 7 4 24 16 6 18 25 9 3 5 1 12 17 15 19 20 8 22 10 13 23
19 10 20 14 24 8 3 13 1 21 4 9 11 6 12 18 25 17 22 5 2 16 23 15 7
4 16 20 8 12 1 23 19 10 7 11 13 24 3 25 15 18 17 6 21 5 22 9 14 2