7 1 2 6 32 16 4 35 9 14 44 22 24 47 19 45 33 18 31 39 20 12 8 26 40 13 38 17 41 23 48 25 29 5 50 46 11 34 36 15 3 49 27 21 30 37 28 43 42 10
17 23 45 8 37 14 2 43 10 25 22 46 30 24 33 13 6 40 48 11 44 31 32 12 5 19 34 27 15 29 38 36 26 16 28 49 3 7 42 18 35 50 41 21 1 9 20 4 47 39
45 1 5 31 47 35 11 21 2 49 38 24 41 27 29 8 6 43 39 23 28 17 36 3 15 33 14 50 13 22 7 20 16 48 37 18 42 4 46 32 26 19 12 40 30 9 10 34 25 44
21 18 41 8 40 14 32 11 47 30 31 9 2 15 39 5 50 28 23 42 45 6 49 3 29 38 16 48 12 27 34 44 19 20 36 24 26 46 35 25 7 37 22 33 10 1 13 43 4 17
6 50 37 47 19 31 38 32 44 24 43 11 8 25 35 15 22 5 30 1 49 2 7 18 10 48 20 40 16 41 21 34 33 23 27 14 3 42 17 39 46 26 28 4 29 36 13 12 9 45
12 16 5 13 34 30 25 20 6 9 24 44 45 42 21 10 41 43 27 19 38 39 48 40 4 35 29 2 15 23 7 1 33 11 26 32 46 3 50 37 14 28 47 36 18 31 22 8 17 49
23 6 15 16 37 44 14 45 24 48 50 41 12 34 5 1 33 19 27 18 40 30 10 36 39 13 47 21 26 38 9 46 42 3 25 43 20 49 35 17 7 4 11 8 29 31 2 22 32 28
17 27 25 14 47 20 9 28 12 31 22 39 38 40 15 41 36 43 1 3 16 26 19 35 8 4 21 50 30 29 33 10 18 46 32 44 42 49 5 13 24 6 45 11 34 23 7 2 37 48
22 31 24 39 26 15 45 42 12 10 18 36 16 37 35 43 19 20 8 38 27 44 11 13 46 9 47 41 34 28 7 17 29 6 50 2 33 30 25 49 21 4 48 5 40 1 23 32 14 3
39 6 48 5 23 43 20 15 14 42 36 1 34 29 33 32 25 40 3 44 47 30 13 31 17 41 4 12 16 11 19 38 7 45 22 21 50 18 28 46 27 49 26 35 8 10 24 2 37 9
20 37 41 7 23 30 48 39 3 45 26 19 29 6 35 32 14 17 46 5 13 16 18 15 38 2 33 31 42 22 12 43 25 44 47 36 8 4 27 50 9 21 10 1 49 34 40 24 11 28
36 1 23 5 33 17 19 46 45 47 7 25 16 24 2 44 31 48 22 10 39 35 8 15 9 6 13 43 28 12 3 27 18 49 32 30 37 50 4 41 40 38 20 14 34 21 11 26 42 29
18 2 42 25 29 36 37 48 9 38 34 21 6 13 16 7 3 4 27 14 22 19 44 26 33 24 41 49 12 40 31 5 15 47 35 11 10 32 28 8 23 20 50 30 17 39 46 45 43 1
2 7 28 9 41 45 13 31 17 6 5 29 12 16 15 35 49 4 37 48 1 46 8 39 40 38 26 47 33 24 23 10 18 14 50 19 22 11 3 27 42 30 25 20 43 36 44 32 34 21
31 12 33 7 24 23 49 44 47 3 13 16 11 37 25 17 6 43 5 30 34 41 1 50 18 46 35 8 36 21 32 2 48 29 42 14 38 28 26 39 20 19 9 15 40 10 45 27 4 22
44 42 48 16 10 23 21 43 45 29 37 32 25 36 34 15 30 4 28 40 35 46 7 11 33 22 38 9 1 8 14 18 39 2 12 20 6 3 27 13 19 50 47 26 5 49 24 31 17 41
27 11 21 48 5 32 37 19 41 2 23 13 36 47 15 34 8 39 31 7 45 28 10 50 3 4 18 46 35 20 44 14 25 22 42 17 24 30 43 16 6 33 49 29 26 9 12 1 38 40
29 6 28 46 26 43 25 42 45 13 5 2 20 40 30 44 24 19 7 18 33 36 34 16 11 48 9 4 10 38 3 12 15 35 41 39 32 37 17 50 47 49 23 14 8 21 1 31 27 22
45 7 5 3 39 50 11 31 49 36 18 44 14 25 48 43 17 12 34 16 9 13 47 19 28 37 33 21 42 40 22 1 23 46 8 4 27 24 35 6 20 41 30 32 15 2 38 26 10 29
15 1 26 47 37 31 23 18 20 38 29 41 16 40 49 39 3 8 42 27 35 7 22 30 28 44 12 5 32 33 34 48 43 9 14 36 45 25 21 13 50 17 2 11 19 46 4 24 10 6
8 2 17 10 37 48 26 46 13 42 43 1 45 31 12 35 47 50 32 9 24 33 39 11 14 5 6 7 40 22 30 21 3 29 49 34 15 41 28 18 44 36 20 4 38 25 19 27 23 16
16 23 14 33 35 26 13 42 5 38 15 34 4 27 8 49 12 21 39 29 1 10 3 47 7 48 45 18 19 2 40 30 50 9 44 28 22 20 43 46 37 11 41 24 6 25 17 36 31 32
50 10 16 9 27 28 30 13 34 29 5 32 20 31 35 45 43 22 2 46 49 17 42 11 37 48 12 4 39 8 6 33 47 40 19 21 3 7 24 23 1 38 25 18 15 36 44 14 26 41
32 20 35 31 18 5 4 9 7 10 13 33 34 47 41 14 40 49 42 29 1 12 28 11 27 23 17 8 45 46 25 44 30 39 21 50 16 43 48 15 24 19 37 36 6 26 3 22 38 2
40 29 34 18 26 44 5 25 35 13 27 9 47 2 1 48 38 49 30 17 14 22 3 33 45 12 42 50 19 37 28 32 21 4 20 46 6 41 10 23 11 24 31 36 43 7 8 39 15 16
2 5 10 4 41 13 27 1 35 50 43 23 26 33 38 7 47 29 17 14 15 11 21 48 12 42 31 34 39 16 32 44 40 18 49 37 22 6 8 25 30 24 9 20 3 45 46 28 19 36
32 20 45 16 11 29 24 50 22 41 40 42 18 30 47 46 4 31 35 14 36 12 43 1 13 3 5 21 38 15 17 2 28 34 19 9 49 44 48 25 26 33 6 27 8 23 37 10 7 39
23 21 45 48 12 24 4 29 17 40 7 50 27 37 32 15 34 42 46 44 49 14 43 25 3 18 38 22 33 47 35 30 28 36 9 31 10 1 20 8 6 5 11 19 39 16 13 26 2 41
2 10 49 37 45 48 34 12 35 19 6 43 32 9 42 8 18 30 36 21 50 33 13 23 31 28 47 15 16 29 22 24 4 27 17 7 3 44 26 46 14 38 39 41 20 5 25 11 40 1
42 10 26 31 16 46 50 45 23 30 5 1 17 28 13 43 14 38 21 2 15 25 4 9 3 6 47 32 18 49 8 48 27 39 20 7 44 34 22 41 37 24 35 11 36 40 33 29 19 12
43 20 26 34 27 28 37 41 40 16 13 5 30 18 46 44 4 8 10 25 50 7 17 49 45 24 32 2 48 12 1 15 9 11 31 21 19 14 6 38 22 42 35 29 39 47 36 3 33 23
18 38 42 39 43 5 24 33 35 26 11 4 17 41 10 19 7 15 12 3 36 50 46 31 44 8 6 40 25 29 49 22 1 47 28 32 45 20 9 2 13 21 37 27 14 30 16 48 23 34
43 4 38 12 19 40 27 3 45 28 17 29 1 31 2 22 30 26 33 16 13 48 25 6 14 41 44 9 46 34 37 20 5 47 36 7 24 23 39 49 15 50 35 11 18 32 21 10 8 42
20 21 40 5 9 47 37 27 24 4 14 35 15 13 3 36 10 32 45 29 7 38 16 49 39 26 41 23 43 17 42 18 33 44 30 2 8 50 6 46 19 25 11 1 28 12 31 22 48 34
43 11 41 36 34 48 49 2 29 9 28 39 18 16 22 26 19 10 14 21 7 24 8 25 23 46 35 5 44 20 47 3 37 31 40 45 17 32 42 33 13 27 12 1 30 15 38 6 4 50
20 25 4 48 13 35 22 17 42 10 36 16 41 50 30 40 47 38 26 31 29 37 3 43 14 8 6 39 44 49 7 34 45 18 15 19 23 46 11 28 12 24 27 9 2 21 33 32 1 5
36 29 39 3 22 40 7 2 38 15 25 43 50 35 12 1 26 13 37 34 20 44 18 47 42 23 14 10 5 4 6 28 30 49 27 21 33 24 9 32 11 19 46 45 8 31 17 16 41 48
46 42 35 6 43 12 32 26 38 50 11 48 15 47 30 23 41 9 33 3 45 13 25 1 5 7 20 10 27 18 40 31 49 29 19 44 34 16 21 4 24 28 39 2 36 14 8 22 17 37
12 19 46 37 29 2 33 49 6 8 34 14 36 11 42 21 50 10 25 31 7 48 43 23 13 15 28 26 17 38 24 1 41 32 35 44 3 27 30 16 9 40 45 39 22 4 20 18 47 5
16 36 15 11 20 29 10 22 2 4 46 39 33 7 38 5 40 35 37 19 23 1 48 31 47 28 8 18 27 42 44 25 50 6 45 3 49 14 9 30 32 17 13 26 43 21 34 24 12 41
33 38 44 5 18 13 41 39 30 7 23 26 25 21 4 22 37 49 42 27 6 2 3 15 14 40 12 17 34 45 43 10 28 24 16 31 29 20 36 46 47 32 19 35 11 8 9 1 50 48
46 49 42 28 38 34 16 40 12 15 20 47 32 43 13 30 10 48 36 9 2 3 14 6 17 24 37 23 31 1 19 21 25 33 26 11 18 7 22 4 8 45 41 5 29 50 27 44 39 35
30 17 39 28 18 29 3 1 15 41 26 33 45 47 2 13 11 20 21 7 50 46 23 24 37 6 22 5 49 34 42 8 16 19 27 35 40 44 36 10 25 9 38 12 48 14 31 4 32 43
36 41 43 12 35 10 16 27 7 14 5 32 24 9 18 47 15 33 30 3 38 1 50 13 44 45 4 2 49 21 40 25 29 46 11 39 6 26 19 37 22 34 8 23 28 31 17 48 20 42
4 18 38 30 47 43 3 33 50 13 9 42 35 23 14 7 15 19 45 22 37 32 26 46 2 41 16 20 12 5 25 29 17 1 44 6 36 40 48 31 11 49 24 21 27 39 10 34 8 28
6 19 21 30 5 47 20 14 35 7 32 18 41 3 37 9 36 31 48 26 22 4 8 42 39 12 15 11 2 1 29 10 24 50 34 33 43 13 38 28 17 46 27 40 45 44 49 16 25 23
18 28 36 9 5 24 39 49 17 43 32 23 3 35 6 34 14 45 30 42 44 31 25 15 50 38 13 12 16 33 46 29 27 19 40 21 10 48 1 20 4 7 26 11 47 37 22 2 8 41
9 8 15 18 39 37 21 19 29 38 24 44 46 35 26 2 32 28 31 34 42 5 20 47 41 10 14 13 17 12 3 11 25 33 22 1 7 27 36 4 48 30 16 23 6 43 40 49 45 50
16 39 31 47 25 41 9 43 17 40 15 49 24 29 8 6 4 18 23 13 37 14 34 42 32 28 35 50 36 10 22 2 19 11 30 21 44 33 3 5 26 46 12 27 38 7 20 1 48 45
34 37 30 36 26 32 45 22 7 50 44 31 47 13 24 9 35 28 38 21 42 33 10 39 23 16 40 6 20 29 3 1 27 14 25 4 15 5 11 46 41 19 48 49 17 2 43 12 8 18
3 46 13 35 16 47 39 33 18 24 6 5 38 21 17 10 22 12 28 31 29 43 19 30 26 45 11 8 2 4 50 20 40 1 34 49 48 44 27 7 32 23 41 14 37 25 42 9 15 36
39 26 42 14 28 8 6 19 27 13 40 11 23 31 12 45 3 22 34 16 20 35 38 18 32 49 30 43 46 2 36 7 47 1 50 21 48 9 29 5 24 17 33 44 25 4 37 41 15 10
1 18 33 4 22 25 28 6 3 24 34 2 9 27 48 46 42 32 20 41 47 30 37 5 29 35 49 17 50 7 12 15 16 39 26 40 8 13 36 14 43 31 38 19 21 10 11 23 45 44
48 50 32 45 24 33 12 39 7 11 29 4 3 28 41 22 13 31 23 14 36 42 37 5 43 47 25 34 46 6 26 49 21 20 40 35 16 17 44 30 15 9 10 19 8 27 1 2 18 38
39 32 44 19 5 43 20 6 11 24 25 8 49 28 27 41 34 23 3 9 47 7 2 22 16 13 35 50 18 14 12 1 29 36 4 37 31 26 17 33 38 48 46 21 40 45 30 10 42 15
29 18 8 50 47 34 25 43 7 1 12 21 37 36 39 6 27 44 2 32 41 28 45 14 16 35 23 3 11 17 46 24 15 40 49 26 42 13 20 48 30 22 5 4 38 33 9 10 19 31
27 47 46 14 21 6 41 40 29 28 5 13 42 2 30 44 1 31 20 3 23 45 34 19 24 25 12 39 10 17 33 15 38 7 49 50 35 37 43 26 11 18 36 32 9 22 16 48 8 4
50 2 9 17 36 39 1 12 18 45 27 49 14 8 23 24 11 3 29 31 33 41 32 6 22 47 21 38 37 5 16 35 42 43 28 19 13 40 4 46 15 34 44 26 20 48 7 10 25 30
5 27 10 45 12 32 16 36 6 47 17 20 42 30 14 19 26 49 33 28 40 9 29 11 8 35 34 18 25 3 39 4 41 50 7 21 37 23 31 48 13 24 22 15 44 38 43 46 1 2
49 31 1 3 19 39 42 2 8 44 9 33 5 48 36 20 16 12 47 25 45 10 6 27 23 26 30 24 17 32 29 35 37 18 46 4 43 40 15 50 21 38 22 11 7 41 34 28 13 14
10 33 26 23 2 49 46 22 21 37 31 30 1 5 14 36 12 43 42 39 24 47 7 50 44 35 17 34 9 4 32 28 41 11 3 19 29 40 45 48 8 16 20 25 18 15 38 6 13 27
33 47 34 14 41 22 17 45 43 37 36 26 46 28 9 7 49 40 1 13 42 18 44 10 8 15 48 30 38 25 16 27 12 50 4 20 5 39 6 31 24 2 19 3 23 29 11 21 35 32
31 39 47 3 50 34 37 19 16 25 14 2 41 18 38 26 40 36 27 12 24 44 45 35 22 13 17 5 8 6 21 32 7 33 48 42 1 10 11 28 30 4 15 49 29 46 20 43 23 9
14 24 39 29 20 25 36 38 10 15 4 49 8 28 13 21 37 41 32 3 23 7 40 6 17 2 30 11 16 46 47 22 33 31 43 34 9 5 50 1 19 12 48 44 35 42 18 26 45 27
2 28 16 43 44 14 24 7 48 35 46 10 6 9 13 20 32 45 23 15 49 37 19 33 17 50 22 21 1 11 12 3 34 41 5 29 4 42 18 25 39 8 36 47 40 38 27 26 31 30
6 36 25 45 50 7 32 29 42 40 37 41 44 3 33 38 8 2 30 22 1 5 23 49 20 16 13 47 31 27 10 46 34 19 17 11 43 9 48 28 15 18 39 21 12 26 24 4 14 35
11 33 4 40 38 13 7 45 19 6 31 50 9 32 24 47 28 10 23 12 27 8 41 43 44 5 14 15 35 21 2 48 22 49 17 16 39 36 37 25 26 3 29 20 1 46 30 34 42 18
40 12 47 42 2 11 21 44 6 3 29 27 7 18 45 37 10 32 26 13 36 20 5 31 24 4 17 25 22 33 46 1 23 41 8 30 48 38 50 35 15 19 16 49 39 14 9 43 34 28
25 50 22 3 37 49 10 19 40 46 47 12 26 8 30 44 18 9 32 6 28 39 14 24 15 17 7 4 41 11 16 29 36 48 2 42 34 33 31 13 1 43 27 21 35 20 23 5 38 45
9 16 46 34 2 37 6 25 3 19 50 39 8 27 18 5 43 24 7 23 35 1 49 45 36 4 41 20 14 30 12 40 29 33 15 32 10 17 31 28 47 44 42 13 48 38 21 22 11 26
13 48 27 5 42 32 25 50 2 10 39 34 46 26 21 23 22 33 6 14 12 1 28 38 18 49 19 3 24 43 47 20 30 16 44 8 36 9 45 4 37 7 17 29 15 41 31 11 40 35
16 23 6 9 24 25 32 4 50 40 33 49 36 35 39 14 17 47 26 11 20 5 8 22 27 34 12 43 41 13 7 44 19 2 18 48 38 1 28 29 30 3 42 46 31 37 21 10 15 45
5 36 17 50 22 26 20 13 16 48 19 9 34 35 27 45 49 44 31 39 6 32 43 7 46 23 41 38 18 8 3 29 12 25 40 33 2 4 47 42 10 28 1 15 21 24 11 30 37 14
30 7 44 6 1 39 41 27 49 21 47 40 22 34 32 36 35 15 20 29 16 18 4 24 25 28 8 48 17 33 2 19 9 3 42 38 12 26 23 11 5 43 31 14 45 13 50 46 37 10
50 1 31 39 20 40 30 16 48 26 44 9 18 46 14 4 15 41 2 47 10 8 19 21 3 12 11 38 36 45 5 35 6 34 37 13 23 32 24 33 27 49 7 29 25 43 28 17 22 42
10 25 6 21 42 37 12 31 28 39 11 24 32 49 48 41 17 3 30 4 22 46 43 47 34 44 33 5 14 50 7 15 8 23 16 9 26 1 18 38 45 29 2 35 20 36 19 40 27 13
48 4 41 25 3 29 10 45 40 6 20 16 23 12 1 9 2 15 31 50 39 21 33 43 19 32 30 47 42 44 28 24 49 7 17 36 46 35 13 34 11 8 27 18 37 22 14 26 5 38
49 33 14 30 27 8 45 41 38 7 50 43 22 46 20 13 9 16 24 35 31 40 15 37 21 28 2 29 34 10 3 4 1 32 18 39 23 48 36 25 11 6 17 47 42 12 5 19 44 26
34 28 38 49 19 6 20 45 37 11 39 23 16 44 21 27 8 50 46 17 48 41 22 12 4 43 24 47 31 40 5 15 13 18 25 30 14 10 42 26 29 32 1 3 7 2 35 36 33 9
36 32 2 45 28 31 37 50 40 6 10 23 47 13 48 25 18 38 11 39 42 1 20 22 24 7 21 8 30 12 44 34 5 26 49 35 14 43 29 46 33 9 15 17 16 3 4 27 19 41
24 7 8 25 43 14 50 38 15 23 33 11 48 27 47 6 45 42 26 44 28 17 5 29 36 30 4 20 40 10 16 34 22 1 32 46 35 39 21 2 9 41 19 3 18 31 13 12 49 37
39 43 25 47 19 16 40 35 15 23 45 10 9 14 37 42 30 13 31 49 12 34 21 32 17 50 7 22 26 48 33 5 28 24 36 4 2 27 38 3 29 46 20 41 18 11 8 6 1 44
37 44 28 39 27 12 42 6 41 9 26 1 33 2 22 8 40 34 20 35 45 19 25 21 4 18 32 36 24 16 29 14 30 48 50 10 11 47 46 49 5 15 13 31 7 17 3 43 23 38
25 40 39 24 16 47 23 26 35 12 11 32 8 48 7 2 30 46 22 36 31 6 15 49 50 37 19 34 4 18 20 1 10 45 44 9 27 38 17 5 43 28 33 3 14 42 21 13 41 29
49 34 45 5 23 6 9 46 48 25 13 28 40 37 18 7 32 12 39 42 17 14 10 20 2 4 3 1 33 47 11 19 30 27 24 29 43 21 26 35 44 31 36 41 8 22 15 38 16 50
27 2 28 18 5 47 4 38 7 44 43 25 31 29 17 20 39 11 46 37 22 30 48 42 50 32 45 34 16 14 40 10 36 3 9 41 6 26 33 8 15 23 1 12 19 21 24 49 13 35
1 38 19 13 9 35 6 45 24 33 5 43 49 2 25 27 39 47 26 37 3 11 48 7 8 40 50 34 31 32 17 22 36 41 18 42 44 10 15 4 23 20 29 21 16 28 12 30 14 46
18 42 6 26 44 8 11 1 3 47 4 24 20 15 23 9 33 30 10 5 29 12 41 14 40 21 28 36 17 39 37 43 46 31 13 22 35 38 34 25 16 32 50 2 48 49 7 45 27 19
3 19 16 46 48 36 13 11 7 43 39 17 14 21 42 33 24 35 15 44 31 2 38 45 20 22 34 40 1 28 26 47 23 5 27 29 25 12 4 32 9 6 50 10 30 37 8 18 41 49
10 45 33 12 34 6 21 38 43 15 4 9 50 31 20 46 23 35 40 7 11 28 17 49 18 30 22 42 41 5 24 13 14 2 48 37 32 47 27 36 1 26 25 3 39 44 19 8 29 16
5 43 10 46 24 28 6 27 48 21 42 2 49 12 23 1 37 22 34 7 29 40 4 19 11 18 33 35 30 44 39 20 36 47 26 50 15 8 17 13 41 32 14 38 16 31 9 45 3 25
45 40 47 20 41 33 39 1 21 35 25 19 14 12 8 32 29 48 4 11 43 13 28 30 34 38 37 9 26 24 18 42 50 49 6 16 27 2 10 17 5 3 44 31 15 23 46 36 22 7
35 28 18 24 22 7 29 34 48 37 31 16 1 32 47 13 33 21 46 40 42 41 14 45 2 3 20 36 43 5 4 26 25 27 38 44 11 49 23 30 12 8 50 15 39 17 9 19 10 6
5 40 21 11 13 29 33 50 17 15 22 26 49 24 1 6 42 20 2 8 27 19 31 10 34 28 23 44 41 45 4 37 9 18 25 47 36 14 16 39 46 3 7 43 12 48 30 38 35 32
49 1 9 31 41 10 25 35 15 16 8 12 19 3 40 14 48 21 17 7 39 33 43 42 23 22 26 32 46 20 36 5 34 4 47 28 38 18 30 11 44 27 29 6 37 2 45 24 50 13
25 29 50 28 45 32 14 46 12 21 3 10 11 5 39 6 31 44 23 38 48 47 37 36 26 9 19 43 7 35 42 40 27 33 20 16 1 15 30 2 22 4 17 34 41 8 49 18 13 24
4 41 38 5 42 29 8 25 13 34 3 30 39 45 19 37 16 27 6 11 18 22 12 32 17 23 28 9 48 26 7 15 47 14 44 50 10 21 1 35 36 31 33 46 49 24 40 43 20 2
38 44 29 27 28 39 25 30 5 3 36 17 48 13 40 46 16 43 9 22 19 47 15 42 34 8 14 33 7 4 10 6 37 2 35 23 1 31 41 49 32 26 50 24 18 45 20 11 12 21
47 44 18 46 15 25 37 49 10 42 32 26 45 13 48 9 31 2 33 27 3 39 7 24 29 12 11 40 20 8 23 35 43 4 19 38 36 34 41 6 1 5 30 16 17 14 28 22 50 21
10 37 23 14 2 32 13 35 48 31 6 27 34 15 42 44 24 40 12 39 17 1 26 43 16 7 5 20 11 3 25 9 4 47 19 21 46 50 22 36 45 28 33 41 30 49 38 18 8 29
19 44 42 31 5 38 6 28 20 21 26 35 13 48 33 10 3 34 37 7 46 30 18 12 1 36 41 23 4 15 25 27 39 22 43 50 24 49 8 40 2 47 45 32 16 9 17 14 29 11
7 4 6 14 24 47 45 38 31 13 10 37 30 16 40 25 32 23 28 5 8 43 41 21 39 2 44 17 46 18 50 9 33 42 36 34 22 48 15 3 20 19 11 29 12 49 35 1 26 27
29 39 15 7 9 6 8 35 13 2 24 40 18 16 38 36 3 26 45 27 47 4 44 49 41 43 25 20 12 14 32 11 19 17 48 22 5 31 34 30 10 21 46 42 28 33 1 23 37 50
36 5 17 23 2 10 18 16 39 33 7 32 46 27 37 8 13 43 4 6 11 21 38 19 15 44 29 9 35 42 22 25 3 31 1 47 45 28 50 48 14 41 20 30 26 34 49 40 24 12
46 25 32 34 33 9 12 30 15 10 38 18 47 13 22 24 1 36 20 6 26 8 40 23 21 5 49 48 7 44 27 50 39 11 29 43 17 4 31 3 37 42 45 2 28 19 35 14 41 16
40 44 42 18 10 3 23 31 33 16 20 35 2 50 43 21 28 37 19 29 5 11 39 12 25 8 36 1 47 27 22 13 14 6 48 49 30 34 15 24 46 32 41 17 4 26 9 45 38 7
20 48 24 29 8 28 5 17 38 39 19 9 2 4 22 50 41 27 15 46 49 10 35 18 31 3 6 12 45 37 1 21 14 34 40 30 16 26 44 23 7 25 33 32 42 36 43 47 11 13
37 22 46 32 6 34 43 3 30 8 38 20 24 39 10 23 33 36 2 28 48 31 49 26 15 35 11 12 27 50 25 40 1 17 44 42 18 41 9 7 19 5 45 14 16 47 4 29 13 21
17 6 43 5 23 9 22 19 8 35 44 41 40 7 36 1 48 21 26 18 28 37 4 31 15 42 49 10 2 32 12 50 13 27 45 46 30 14 34 29 38 39 25 16 47 20 3 11 24 33
25 38 33 23 10 46 44 30 31 36 7 39 3 9 37 4 24 49 18 20 14 48 5 50 43 19 41 8 11 21 12 17 16 22 26 35 27 40 28 13 29 32 42 34 15 6 2 45 1 47
11 3 7 17 8 4 2 22 27 37 49 20 6 18 1 24 32 38 34 36 39 26 45 23 35 41 14 44 21 33 16 28 9 48 25 5 42 30 10 40 15 13 12 43 50 19 29 31 46 47
23 19 17 28 26 36 25 42 27 43 7 20 34 40 8 30 44 48 29 12 24 11 5 45 14 13 9 37 38 49 10 16 3 33 35 21 41 46 47 4 6 1 15 18 39 31 22 50 32 2
48 39 35 50 22 8 30 23 4 49 6 45 26 19 43 20 32 46 24 17 42 31 27 3 37 10 25 40 1 33 21 44 14 18 13 12 36 38 47 41 7 29 34 15 5 11 9 28 16 2
24 27 48 14 21 42 28 23 17 20 47 18 30 29 3 22 38 7 33 41 12 32 5 15 31 37 6 9 45 26 36 39 40 16 2 49 8 19 11 13 4 35 10 50 34 25 44 1 46 43
32 44 12 8 49 20 39 16 17 43 50 13 46 37 6 41 34 23 36 25 19 29 21 26 11 3 31 48 4 42 35 47 28 15 33 5 45 7 14 30 9 18 2 24 38 1 10 22 40 27
33 31 35 7 43 25 29 1 38 46 24 4 20 19 44 45 18 50 48 14 26 15 28 42 32 40 3 8 10 13 36 30 17 11 12 6 16 2 5 9 49 27 47 41 39 37 34 22 23 21
37 20 34 11 26 10 27 13 24 38 50 30 19 44 3 42 41 29 4 17 5 9 12 47 48 6 21 22 15 2 43 18 23 14 39 31 36 45 32 28 33 8 49 25 16 46 1 35 7 40
6 43 12 35 2 8 32 37 36 28 20 26 40 47 16 11 31 45 25 1 3 17 46 15 14 27 49 39 7 38 13 50 18 33 24 19 22 4 9 34 21 48 41 42 23 5 30 44 10 29
49 47 48 25 34 45 39 16 17 27 23 4 14 30 31 40 19 42 10 12 7 5 50 6 29 32 44 33 2 15 41 36 21 3 28 13 9 46 38 22 37 43 18 20 35 1 26 8 24 11
39 15 17 44 42 48 34 41 13 27 10 38 25 8 29 47 20 40 36 43 18 16 35 6 2 33 9 22 12 4 28 32 49 14 1 7 45 11 5 37 19 23 26 50 31 30 24 3 46 21
22 16 7 9 1 14 31 18 19 32 35 4 5 48 50 13 39 20 6 15 10 3 42 23 11 30 25 17 2 29 21 43 26 8 44 47 45 24 28 49 40 38 41 36 34 46 33 12 27 37
44 5 28 9 26 2 21 11 3 32 27 16 49 33 6 40 7 36 50 43 30 48 10 18 31 29 4 14 34 25 13 38 8 15 17 46 41 47 12 19 35 20 39 42 45 22 23 1 37 24
17 35 26 14 45 32 36 39 49 41 1 34 13 15 31 30 6 10 9 47 16 19 38 44 43 29 2 23 4 40 28 27 46 25 12 22 18 11 37 7 50 42 24 3 21 48 5 8 33 20
37 23 9 50 47 3 20 31 14 28 40 35 5 15 42 13 30 25 41 45 7 32 48 18 22 8 1 11 38 26 27 4 36 43 16 6 46 29 17 19 10 12 33 49 24 39 44 21 2 34
35 2 3 26 42 20 19 17 24 23 29 10 32 48 34 11 25 50 46 12 47 8 5 22 38 33 43 37 31 36 7 15 6 49 21 30 45 28 41 18 9 14 16 40 1 13 39 27 4 44
25 47 10 13 27 30 4 5 29 31 8 1 22 33 35 24 15 32 11 9 26 40 14 19 43 38 2 20 41 12 49 44 21 17 28 46 37 39 48 3 23 42 50 16 45 18 6 7 36 34
50 12 9 5 20 41 7 8 3 29 32 37 16 4 11 34 24 43 14 21 18 30 2 31 1 39 6 45 48 26 17 44 36 40 27 10 35 46 23 19 42 22 49 25 28 38 47 15 13 33
11 42 22 45 49 38 4 18 36 1 3 10 8 44 23 2 39 46 30 32 33 24 28 13 15 21 29 27 37 41 31 47 48 43 19 7 34 50 26 9 25 35 40 12 6 5 17 14 16 20
45 20 26 49 35 19 40 25 11 15 34 37 30 13 38 22 10 4 41 44 9 14 18 28 16 7 21 48 42 5 31 8 2 6 46 32 29 17 3 27 23 39 33 1 50 24 43 12 36 47
6 42 18 45 43 44 8 25 29 48 34 38 5 33 50 13 20 47 19 7 1 9 31 40 37 46 16 24 21 4 49 35 28 3 17 32 27 15 11 23 10 36 12 39 14 30 26 22 41 2
35 10 37 23 40 1 19 38 26 43 16 21 29 11 41 49 48 25 18 39 7 9 36 46 4 12 17 20 47 5 22 2 50 14 44 32 28 27 33 31 13 6 8 34 42 15 3 24 45 30
31 18 36 19 15 23 9 42 11 43 33 8 16 2 14 46 29 24 10 27 35 28 32 17 39 30 22 48 45 1 25 41 12 40 13 7 38 49 5 47 21 4 44 20 34 3 37 50 6 26
31 14 16 21 15 49 40 39 47 35 24 32 2 42 50 48 46 10 41 22 9 26 11 38 18 25 8 6 44 13 33 27 5 12 29 7 23 19 34 1 30 36 3 17 37 43 20 4 45 28
16 2 26 21 27 31 25 22 15 48 28 4 50 14 13 20 37 1 33 3 46 47 34 42 19 41 10 11 7 6 39 12 18 35 17 29 45 36 40 23 30 32 43 38 49 8 5 44 24 9
32 17 4 24 6 34 18 38 11 40 7 37 33 15 27 43 44 30 48 23 10 31 39 3 42 28 12 45 49 5 14 21 22 25 35 36 41 47 2 46 16 50 13 29 9 20 19 1 8 26
22 40 18 39 46 10 34 25 14 5 45 31 21 3 27 6 1 12 41 7 33 11 16 38 28 35 23 26 50 32 42 15 19 2 13 17 9 43 48 30 29 49 37 24 47 8 44 20 4 36
10 13 41 9 37 6 1 38 43 24 36 12 47 27 26 8 4 46 23 48 50 2 7 34 22 32 17 39 15 40 21 3 35 18 44 19 14 45 29 5 20 28 25 31 30 11 16 49 33 42
48 41 8 34 14 23 10 13 9 4 29 47 15 46 36 38 12 40 19 39 35 43 42 2 21 32 28 50 49 22 5 1 18 30 16 33 27 17 44 11 3 45 37 20 6 26 25 31 7 24
15 34 46 6 3 41 1 4 7 2 19 20 13 48 11 5 27 36 24 42 22 9 31 37 47 43 35 45 12 30 8 10 28 14 50 17 38 25 39 32 44 23 26 49 29 21 40 18 16 33
18 47 8 15 24 37 28 33 17 29 25 44 43 27 48 23 49 16 22 50 4 40 46 10 30 36 35 9 7 12 34 21 42 32 20 6 41 39 1 14 45 13 11 26 31 3 19 5 2 38
10 15 49 19 2 21 24 14 35 25 32 42 36 17 13 3 45 1 33 27 20 7 6 11 5 12 34 22 47 39 37 46 9 8 40 41 23 38 30 18 48 26 28 29 31 44 43 50 16 4
48 25 35 42 23 26 28 10 11 9 27 38 34 36 39 45 44 30 43 37 20 16 6 13 29 4 15 32 12 8 21 33 49 41 3 18 1 40 46 5 19 22 7 17 24 14 47 31 50 2
9 25 36 8 23 13 12 15 26 10 30 37 45 50 33 31 44 38 29 20 6 42 48 16 47 49 35 43 1 22 28 21 17 3 19 2 34 39 18 40 32 24 27 41 7 14 5 11 46 4
15 20 13 18 4 43 12 23 49 19 24 31 47 9 35 1 45 22 33 37 26 27 11 25 42 48 16 34 10 29 2 46 7 21 39 40 41 14 28 32 36 30 38 3 17 50 8 6 5 44
8 48 18 6 27 39 37 10 23 50 34 12 22 25 31 24 41 7 21 33 17 47 36 43 16 26 14 42 45 3 38 28 11 5 35 44 2 20 46 9 49 19 29 4 13 32 15 30 1 40
42 26 27 48 28 3 34 1 16 31 11 49 22 41 14 24 21 13 2 33 50 30 5 38 25 32 45 47 43 7 15 35 12 29 8 36 39 6 17 46 20 18 37 10 19 44 4 40 9 23
16 38 12 10 5 36 34 21 9 41 49 37 23 30 35 18 7 39 28 11 48 33 43 1 44 8 3 29 42 45 17 24 14 19 2 32 4 25 46 26 20 15 40 6 47 13 31 22 50 27
39 42 11 15 8 19 1 25 12 37 16 20 5 4 38 17 24 50 29 46 26 6 40 27 21 43 9 31 32 23 35 49 48 30 18 2 14 45 33 28 3 7 41 22 10 34 44 13 36 47
28 29 35 39 22 34 20 37 19 6 4 23 16 9 11 3 48 30 50 25 26 17 44 12 21 8 42 13 18 24 36 1 27 46 38 32 41 10 5 31 45 15 33 14 49 7 47 40 2 43
41 47 36 38 9 3 11 14 18 16 23 31 6 22 45 43 27 49 7 21 1 39 12 2 24 4 37 8 28 50 40 35 5 29 15 19 30 10 42 46 17 33 48 32 25 20 44 34 26 13
14 7 44 11 24 32 25 6 40 8 33 4 49 30 17 13 2 43 23 9 48 27 21 46 37 41 39 1 3 26 16 18 5 29 12 45 50 47 42 19 10 20 38 31 15 28 22 36 35 34
40 16 8 38 27 6 15 9 18 31 28 13 19 25 45 17 3 23 1 41 39 21 12 44 48 14 24 7 36 42 43 46 20 50 22 5 49 11 4 2 32 30 35 29 34 33 37 10 26 47
4 20 47 10 13 34 46 36 30 32 18 28 35 11 15 41 44 40 8 26 23 37 43 19 14 3 25 39 29 50 16 1 45 24 38 49 22 9 7 33 21 6 27 17 2 48 5 12 42 31
28 34 10 23 24 26 8 15 32 35 12 22 2 9 50 37 40 31 25 7 30 21 49 38 33 41 11 48 20 47 44 45 17 1 43 14 29 6 16 42 39 3 13 18 4 19 46 36 27 5
13 16 21 49 10 34 45 30 41 9 35 7 15 8 37 32 42 24 20 25 26 17 2 22 3 43 11 50 31 39 38 18 12 33 28 5 40 27 14 19 23 47 6 46 4 48 44 36 29 1
17 5 37 36 24 41 30 18 33 11 14 35 23 34 25 21 50 7 15 19 49 28 47 32 12 6 1 4 8 26 2 13 40 39 48 38 20 42 27 3 43 45 46 22 29 9 44 10 31 16
39 37 6 1 13 7 35 50 26 43 44 14 27 29 30 16 46 10 18 47 3 17 25 32 22 2 45 40 36 49 20 12 19 38 11 15 23 33 4 42 5 41 9 48 28 24 8 21 34 31
15 22 7 36 5 38 11 13 23 46 8 34 14 29 2 9 25 21 47 10 44 6 43 12 1 41 40 32 39 26 4 30 20 17 33 16 18 37 42 49 35 45 31 28 19 27 48 50 3 24
15 2 16 9 18 26 21 19 20 5 44 3 1 31 42 30 47 22 24 29 40 36 28 46 6 38 25 41 27 10 8 17 4 49 11 14 37 33 48 13 50 43 39 45 32 23 12 7 34 35
31 48 2 13 6 17 12 11 24 18 46 29 49 37 8 42 39 35 20 27 43 34 19 4 32 15 7 38 3 33 44 21 16 10 22 5 9 50 28 47 25 45 26 36 40 41 23 1 14 30
1 26 35 39 48 14 30 15 6 28 24 50 29 33 47 45 4 37 18 3 8 38 32 36 43 21 12 31 2 44 49 9 7 42 19 41 11 10 25 27 40 46 20 13 34 5 17 16 23 22
44 21 9 26 50 32 27 5 33 25 42 6 49 8 10 31 29 41 12 46 3 47 20 38 37 1 24 14 36 34 30 2 19 16 4 18 17 11 7 15 39 40 22 23 28 43 48 13 45 35
26 49 6 19 42 2 21 41 10 40 29 46 12 30 47 17 8 5 37 32 20 3 31 45 16 23 34 18 11 38 13 36 25 44 14 4 15 39 48 33 35 24 27 28 9 43 1 7 50 22
7 39 45 11 16 36 24 28 43 33 5 42 31 19 26 15 18 49 4 14 50 25 47 35 44 12 20 48 6 29 23 37 9 46 21 32 2 8 13 1 3 17 30 34 10 27 38 22 41 40
47 19 35 13 41 8 26 3 10 25 24 32 6 15 46 38 45 12 43 23 9 4 34 50 48 49 37 5 30 40 33 31 18 36 16 29 28 44 17 27 14 42 39 22 1 7 20 21 2 11
13 48 25 27 43 3 17 49 24 29 41 26 38 28 37 14 35 10 36 32 8 11 39 2 7 18 20 30 4 47 33 42 1 21 40 50 44 31 12 5 16 23 19 34 6 45 22 46 15 9
18 6 12 46 39 10 4 19 49 30 2 29 38 16 27 45 22 40 37 15 32 5 8 14 11 1 43 31 3 35 17 42 13 26 23 41 20 47 48 24 25 34 9 50 28 36 33 21 44 7
4 45 6 2 19 14 11 22 8 50 44 9 42 1 24 21 15 17 10 20 47 36 34 43 27 29 26 12 41 23 49 33 7 38 30 25 13 40 5 37 16 39 31 35 46 18 28 48 3 32
2 17 18 34 40 5 44 20 16 47 1 30 9 41 35 33 37 31 7 45 24 19 10 29 4 39 36 8 27 22 43 25 48 14 42 21 26 11 23 49 6 3 32 15 46 13 38 12 28 50
37 18 5 16 22 4 39 21 33 43 15 17 25 19 40 6 11 10 34 47 27 31 29 49 12 7 35 3 36 38 48 30 20 44 28 46 42 14 32 26 2 23 1 50 24 41 13 8 45 9
24 42 6 46 47 35 12 8 33 21 27 28 5 11 16 9 36 25 3 32 29 13 14 18 44 31 34 43 2 48 45 23 49 15 22 1 41 40 10 19 7 30 17 37 20 38 4 26 50 39
29 40 9 18 31 36 16 19 2 15 48 17 5 20 49 7 25 26 1 11 13 24 34 42 28 41 3 47 50 45 32 4 6 14 33 37 46 39 27 43 12 23 38 35 8 10 30 44 22 21
47 45 6 8 37 39 29 31 4 35 19 1 33 34 49 50 41 40 21 36 3 18 17 42 20 10 38 2 23 22 7 5 43 48 44 16 13 9 24 12 32 46 15 25 11 26 30 14 28 27
36 30 23 48 10 25 42 5 45 35 28 6 12 40 21 14 22 34 17 47 29 38 13 46 16 33 19 43 32 26 24 41 15 9 39 31 7 2 4 8 49 18 27 44 3 50 20 11 1 37
15 17 42 47 31 20 34 43 1 2 10 37 12 11 38 6 4 18 8 35 41 26 22 45 40 28 24 27 14 3 30 32 9 13 5 19 48 21 7 23 39 50 36 46 16 49 44 29 33 25
22 14 30 40 24 9 27 16 3 1 32 11 39 6 45 46 49 41 43 47 18 10 7 38 17 20 48 12 4 31 8 29 36 37 15 5 2 44 21 23 42 33 50 19 13 34 26 28 25 35
33 37 39 8 4 32 46 29 23 34 43 9 47 49 7 3 35 6 14 26 5 12 20 2 42 16 1 25 45 18 30 24 11 22 36 44 28 50 10 13 27 21 15 38 17 48 41 19 31 40
3 1 22 12 6 5 37 19 39 9 16 28 36 15 26 41 49 4 11 38 35 27 20 25 13 31 50 33 43 34 23 45 18 29 40 32 10 21 8 30 7 2 42 47 44 17 24 14 48 46
34 28 29 7 1 30 49 41 6 43 44 35 40 33 38 12 31 37 22 36 23 18 17 15 9 48 13 24 25 8 19 42 26 4 10 14 45 21 32 2 46 50 5 27 20 16 11 3 47 39
36 29 41 16 31 20 39 47 7 37 40 49 46 5 17 38 24 45 32 43 42 28 30 9 18 2 27 1 26 15 35 8 10 34 19 4 48 14 33 6 25 44 50 11 12 13 22 3 21 23
5 42 9 21 20 17 4 38 35 40 19 34 26 36 3 32 15 23 45 44 10 11 49 29 13 18 27 47 22 12 14 28 39 2 41 48 16 30 24 7 31 43 8 25 46 33 50 37 6 1
47 5 48 10 44 20 19 17 14 38 1 2 34 12 6 9 33 15 26 46 36 49 28 50 16 4 39 30 23 35 24 13 29 25 11 18 43 21 27 31 8 37 40 42 7 22 41 32 3 45
43 31 41 49 48 7 15 47 5 50 10 40 3 26 12 30 16 13 8 19 34 37 18 21 14 42 6 4 22 29 35 25 46 11 9 33 20 1 2 28 32 44 17 27 36 24 23 39 38 45
5 11 6 17 41 22 28 38 50 12 14 46 19 37 24 18 49 34 36 1 44 27 48 7 43 2 33 47 29 4 20 10 42 15 25 16 23 35 39 13 32 30 21 8 45 9 3 40 31 26
12 15 35 6 41 39 46 34 47 31 23 33 13 21 19 4 11 5 40 29 2 17 50 8 36 7 30 3 9 37 16 20 44 32 14 28 26 1 38 18 10 42 49 25 27 43 22 24 48 45
45 22 9 25 23 4 33 42 2 19 7 11 35 36 1 44 27 14 40 20 50 5 43 37 10 28 15 30 29 8 6 16 34 48 12 32 18 26 21 46 47 41 39 31 38 49 3 24 17 13
15 38 30 27 36 19 28 20 11 39 7 12 45 22 47 29 8 24 40 34 41 35 5 48 43 1 50 31 46 23 44 21 18 3 9 14 16 25 26 33 13 49 37 2 10 42 17 32 4 6
33 5 21 29 27 9 35 32 24 7 17 6 23 50 11 2 14 18 37 44 45 15 30 10 4 25 39 26 22 38 16 47 43 3 1 46 31 19 48 36 8 28 20 40 41 13 42 49 34 12
12 41 30 50 15 44 40 38 26 29 32 48 33 24 34 13 36 31 21 20 25 49 4 16 17 5 39 10 14 46 42 28 19 11 35 37 18 22 7 27 9 8 23 1 3 43 6 47 2 45
39 43 27 36 26 41 11 33 16 5 47 46 35 30 34 42 3 9 1 50 8 12 45 31 38 44 20 23 24 7 28 13 48 25 17 15 21 22 10 49 29 18 37 2 32 19 40 14 6 4
8 7 19 10 17 46 35 21 42 9 32 15 20 34 44 40 36 25 48 28 49 33 37 23 43 38 47 6 3 45 50 11 24 12 30 4 27 14 22 31 16 13 18 2 26 1 39 29 5 41
44 29 11 24 28 43 1 46 48 19 16 36 42 25 49 12 35 34 20 23 8 9 18 2 30 21 13 7 40 4 45 47 26 5 31 27 39 22 38 50 33 15 3 32 14 17 41 10 37 6
49 1 30 34 11 19 20 41 39 16 40 3 2 13 7 33 24 21 47 12 32 28 26 50 17 27 46 35 10 43 4 14 45 29 48 9 18 8 36 6 25 15 22 44 42 5 31 37 23 38
31 34 12 14 9 32 27 35 41 11 22 25 28 42 18 30 21 39 2 15 19 4 44 7 13 49 20 43 37 47 29 36 24 38 3 40 17 46 45 10 23 1 8 5 33 26 48 50 6 16
48 9 43 27 39 6 2 22 38 37 19 11 29 35 31 45 1 30 32 36 49 17 46 16 14 15 7 20 24 28 4 23 13 10 25 26 34 41 44 47 8 18 33 42 21 5 12 40 3 50
32 3 33 47 12 10 50 15 30 23 11 45 13 41 6 22 25 42 49 5 7 17 14 44 31 40 29 35 9 16 46 26 1 37 4 36 18 39 19 27 20 28 34 21 24 2 43 8 48 38
38 12 37 29 31 33 40 5 48 23 47 17 3 24 39 44 36 50 8 27 41 4 42 1 20 25 10 13 28 18 11 16 14 46 7 6 2 21 19 32 45 22 34 30 26 43 49 9 15 35
47 4 34 9 24 42 17 19 12 14 50 6 13 18 45 43 37 22 28 29 27 49 1 3 8 10 46 33 26 23 16 2 30 25 39 36 5 44 48 41 32 7 38 31 35 11 20 21 15 40
36 7 9 39 21 46 18 50 22 3 11 31 35 14 47 13 25 40 29 10 34 16 24 1 33 45 12 32 26 42 37 23 48 8 17 2 49 30 43 19 15 4 20 38 27 44 5 28 6 41
30 26 43 7 29 3 32 12 39 5 28 36 45 4 2 47 24 37 13 35 42 9 17 41 23 22 18 34 16 49 25 50 19 31 40 20 1 6 14 10 11 46 38 8 21 27 15 33 48 44
20 39 9 27 31 45 49 46 18 6 25 34 22 40 5 33 50 7 32 44 36 3 13 8 38 30 21 28 42 35 41 43 4 17 1 47 14 10 11 12 26 48 37 15 23 19 24 29 16 2
50 34 40 43 33 45 26 31 5 39 4 17 46 36 19 25 2 14 22 29 3 18 48 28 13 9 11 8 21 49 47 12 42 7 1 41 32 35 38 30 27 6 44 20 16 23 15 24 10 37
28 42 20 43 5 2 3 8 21 26 4 46 15 34 44 7 39 48 40 19 17 29 18 6 47 45 16 24 36 49 31 30 32 23 38 50 22 10 13 33 14 41 9 25 11 37 35 12 1 27
36 26 35 38 2 44 28 46 21 23 24 40 49 14 30 47 6 48 15 39 16 9 8 5 29 33 17 10 32 50 1 34 19 45 25 27 42 13 22 41 7 4 43 11 12 18 3 31 20 37
24 30 28 41 45 7 16 33 8 23 12 26 35 37 48 11 1 22 39 31 25 36 15 50 13 29 3 47 5 20 19 43 17 40 49 27 4 34 10 21 6 44 2 42 32 46 38 18 9 14
1 43 18 29 27 20 16 14 44 45 46 15 34 37 32 25 35 26 47 6 22 8 48 31 38 36 40 2 24 30 3 28 11 10 42 21 5 4 7 41 13 19 49 39 50 9 17 23 12 33
39 45 31 19 26 6 30 42 5 23 43 48 35 4 38 41 50 29 22 1 27 40 37 14 20 3 13 15 10 9 16 28 24 12 17 7 2 32 8 47 21 34 11 44 49 36 33 46 18 25
11 50 16 35 1 43 6 48 5 20 40 44 31 8 18 12 45 29 9 3 30 38 7 25 42 33 28 19 22 4 21 49 36 41 32 13 26 47 34 17 24 46 14 23 37 15 10 39 2 27
50 22 24 9 44 42 19 30 39 7 23 46 28 45 2 10 18 6 29 41 8 26 31 33 37 43 34 16 48 36 3 27 38 40 17 20 25 49 11 5 4 14 32 1 21 15 35 12 47 13
13 47 12 38 37 41 19 27 20 3 22 45 23 5 46 14 49 9 36 7 21 4 1 50 8 26 29 17 18 6 31 40 2 34 11 32 48 25 35 24 15 28 43 42 39 16 10 30 33 44
24 1 7 47 9 41 45 26 30 5 13 37 20 32 28 12 25 19 42 22 39 35 10 14 48 49 46 43 11 40 8 2 23 50 31 44 29 18 27 38 4 15 17 36 3 33 34 6 21 16
34 41 36 39 50 37 4 33 2 20 27 32 6 22 35 47 45 12 26 13 17 23 21 16 3 7 49 10 8 18 30 19 46 1 42 24 40 48 38 9 43 15 5 11 29 44 28 14 25 31
48 33 31 39 18 41 14 11 32 50 1 40 29 37 4 34 23 49 46 28 43 47 19 35 42 6 25 38 16 10 15 8 36 20 5 17 21 45 24 44 30 27 7 2 22 13 9 3 26 12
48 1 8 50 27 39 43 15 10 9 21 36 3 37 17 38 14 4 23 25 34 11 32 41 49 2 40 16 35 31 13 12 29 5 18 7 42 45 44 26 22 46 20 24 6 33 30 47 19 28
7 28 32 19 2 11 35 5 15 33 16 27 46 42 14 45 8 18 44 47 10 29 17 37 31 13 6 12 4 21 36 22 49 48 24 23 38 25 39 30 20 26 1 9 41 34 43 40 50 3
33 36 27 8 1 26 46 43 38 39 15 11 21 25 47 24 29 37 5 19 7 35 12 2 6 34 14 13 16 17 10 48 40 18 42 9 41 20 30 3 44 32 31 49 22 4 50 23 28 45
38 15 11 21 8 44 29 48 2 41 35 10 45 42 27 31 28 23 20 50 43 19 5 1 7 17 47 40 36 14 30 37 33 4 25 32 12 39 3 18 49 34 16 26 46 22 6 9 13 24
9 50 32 29 8 19 39 26 10 28 21 6 30 5 15 41 24 49 1 37 2 14 17 34 18 13 20 4 33 42 45 11 43 3 36 27 25 16 35 46 48 44 7 31 23 40 38 22 12 47
40 26 36 14 24 37 30 32 16 17 19 34 2 39 38 28 12 25 1 29 18 43 33 31 20 13 9 50 42 21 23 27 8 48 7 45 6 15 35 41 5 3 11 22 44 46 4 49 47 10
45 36 24 20 28 16 41 42 21 50 6 35 33 26 3 25 1 4 17 14 10 23 40 5 48 37 29 9 7 19 38 44 18 31 47 2 12 8 11 13 34 15 39 46 49 43 22 32 27 30
31 41 46 18 47 27 28 48 17 44 30 49 19 20 13 34 5 38 16 11 1 2 9 33 4 24 6 29 21 22 45 14 7 15 12 50 42 36 8 10 23 26 3 43 25 35 40 32 39 37
43 50 8 29 5 19 17 24 34 3 45 26 38 21 12 31 13 10 18 33 22 15 14 25 20 40 48 11 23 44 42 6 37 46 16 4 9 1 49 28 7 32 2 35 47 39 41 27 36 30
20 29 4 26 45 22 28 42 3 8 30 15 16 36 21 41 39 38 5 34 32 12 18 43 44 17 35 19 48 14 7 23 2 10 25 46 27 33 9 37 31 1 24 13 11 47 49 40 50 6
16 2 47 35 26 11 46 6 36 12 45 24 25 37 33 39 17 7 49 9 48 43 27 3 19 42 34 29 28 44 13 40 31 15 30 5 18 23 22 10 14 21 8 20 41 38 32 4 50 1
20 39 22 10 19 26 28 36 9 38 6 3 15 42 43 16 1 27 7 49 41 14 47 18 4 17 13 2 40 46 50 37 45 33 23 11 21 35 30 24 34 25 5 29 12 44 31 8 32 48
31 9 17 6 13 32 18 35 45 20 38 39 19 42 23 27 2 50 14 36 37 21 24 28 40 29 5 30 12 15 48 33 16 3 10 46 22 47 43 8 44 11 49 26 25 41 34 7 1 4
6 4 34 26 12 17 24 2 11 46 41 22 43 14 38 36 20 45 27 10 40 42 1 29 39 25 15 13 50 48 33 5 47 3 9 30 23 32 18 19 31 8 7 37 49 21 28 16 35 44
11 12 3 46 28 4 26 41 5 34 16 8 13 19 44 25 50 36 45 10 21 32 22 39 31 38 9 40 29 35 23 33 24 14 30 37 15 17 42 49 1 47 20 18 27 43 7 2 6 48
5 14 10 33 40 15 17 27 50 22 23 42 2 1 13 21 8 29 28 31 46 41 3 18 9 39 34 4 24 11 38 26 32 47 16 20 48 25 19 7 45 49 6 30 44 36 12 37 35 43
39 31 16 24 19 23 3 34 13 22 40 9 33 38 36 10 30 2 47 37 12 14 45 25 8 5 50 18 42 46 41 27 26 48 44 1 21 49 11 29 17 6 15 35 28 20 43 32 4 7
3 16 47 21 49 13 50 20 2 44 32 28 38 31 39 6 36 24 27 12 33 15 40 4 17 9 8 29 34 46 41 11 43 26 37 1 7 10 19 30 25 14 42 22 18 48 5 45 35 23
25 29 10 34 7 23 46 12 20 33 32 21 37 35 47 13 49 27 48 36 28 5 3 17 18 4 15 30 31 22 11 45 42 44 50 41 6 1 26 9 2 8 14 39 24 43 40 38 16 19
7 42 50 45 28 6 12 26 44 14 23 40 9 48 3 17 41 34 39 30 27 18 22 29 16 10 11 37 33 21 38 35 5 24 19 1 46 20 31 43 25 47 15 36 8 32 13 49 4 2
5 28 16 34 23 25 12 19 6 45 2 47 41 37 32 48 21 10 14 11 40 31 39 36 8 42 46 13 35 43 7 4 9 17 3 50 49 29 20 24 33 30 44 1 18 15 27 38 26 22
40 21 48 24 8 46 13 50 23 10 22 41 27 3 15 44 16 1 31 19 25 39 6 18 34 11 30 17 49 36 43 47 38 9 28 2 5 29 20 26 14 32 4 42 35 33 37 45 7 12
29 15 7 27 50 31 44 4 2 45 14 6 19 35 5 9 40 3 49 12 30 36 34 28 38 21 37 22 46 43 32 39 17 41 8 13 18 11 16 26 1 33 48 42 20 47 25 24 10 23
26 50 16 49 33 32 42 15 36 34 48 43 22 41 3 39 35 17 29 28 23 37 9 19 30 44 31 25 20 38 24 40 1 7 47 12 27 6 2 13 8 5 4 11 46 14 21 10 45 18
39 24 49 40 29 4 46 9 45 43 1 18 16 44 22 12 48 31 38 19 20 2 41 25 23 17 34 5 30 7 35 26 10 36 3 27 32 28 11 14 15 33 37 47 42 50 6 13 21 8
5 43 49 29 30 19 36 17 47 15 26 18 12 42 24 8 13 21 1 7 23 9 46 34 27 39 20 50 22 40 44 45 14 28 38 33 2 48 3 32 25 10 31 37 35 16 41 6 4 11
3 50 20 49 9 24 23 36 41 17 7 26 19 12 27 14 2 5 11 1 8 31 29 18 25 4 33 6 37 40 43 46 13 22 45 21 32 47 16 44 38 15 10 48 34 30 28 39 35 42
43 9 17 4 20 48 46 42 44 22 19 32 24 34 28 36 6 30 7 21 39 49 5 12 41 15 29 38 1 25 31 16 3 11 26 18 13 27 2 10 45 40 50 47 37 14 23 35 33 8
3 11 20 2 43 28 18 39 16 7 48 41 1 38 27 40 10 23 8 12 45 26 14 32 6 17 22 33 31 19 50 46 35 44 34 49 5 29 15 37 30 13 25 36 4 47 42 9 24 21
11 42 20 2 9 6 36 26 31 34 16 24 47 35 40 43 49 32 14 25 12 3 30 22 21 10 17 8 18 29 38 7 19 45 44 27 50 39 4 1 23 37 13 41 33 5 28 46 48 15
31 19 7 24 32 12 22 5 18 16 23 27 46 11 2 34 44 43 30 17 14 29 1 28 47 50 20 9 26 38 10 6 4 45 48 8 42 35 21 13 36 41 40 49 39 3 15 33 37 25
31 32 23 12 19 17 24 42 38 34 40 47 18 2 28 1 13 6 29 36 15 25 21 8 50 4 14 10 5 45 48 39 30 43 16 20 9 35 46 33 27 44 3 26 41 11 37 7 49 22
36 8 25 18 13 29 2 21 12 6 46 15 20 38 37 40 44 28 24 43 48 11 27 17 26 49 7 39 22 23 19 42 4 32 5 9 16 45 47 35 10 14 3 33 41 31 30 50 34 1
45 36 34 8 29 50 16 5 6 28 19 44 33 35 1 24 38 25 14 47 48 12 46 42 9 20 2 10 43 27 26 4 15 7 18 41 37 32 39 22 3 21 49 11 31 17 23 13 40 30
18 47 2 9 42 31 19 13 36 11 22 38 24 7 5 10 49 46 26 20 23 30 40 43 32 8 27 28 48 1 14 35 15 37 45 16 17 29 25 6 33 34 3 50 44 4 12 41 21 39
44 37 2 19 13 28 3 10 9 32 48 29 30 17 6 42 45 40 11 15 24 21 41 35 1 34 38 14 20 47 23 18 46 31 27 49 4 36 8 50 25 12 5 22 7 43 39 26 16 33
29 10 32 42 27 37 46 4 17 47 6 44 35 8 12 50 1 3 40 9 36 2 15 45 18 11 5 25 23 14 28 26 38 24 43 19 30 22 33 7 41 49 34 16 39 13 31 20 21 48
33 3 41 50 8 47 37 29 20 27 10 35 16 42 34 38 12 2 30 1 46 26 15 13 11 44 17 22 48 45 19 39 31 9 40 49 28 5 4 18 14 25 7 6 23 43 24 21 32 36
23 31 47 28 44 3 29 48 37 24 27 9 6 5 11 4 15 38 22 8 25 43 45 16 40 12 14 34 20 2 17 41 10 49 50 13 33 1 26 35 19 18 32 7 36 42 30 39 46 21
21 23 48 10 22 50 13 26 34 9 42 17 30 27 29 15 16 20 38 11 37 14 32 41 3 7 18 46 2 44 47 24 36 12 40 4 43 6 25 39 28 8 31 1 33 5 45 35 19 49
37 36 32 2 28 15 7 12 27 31 22 43 8 44 10 46 3 49 19 42 11 5 38 17 26 25 47 24 33 30 20 13 39 1 14 50 9 21 34 48 35 16 40 23 29 6 45 18 4 41
38 40 3 9 39 47 35 29 24 48 45 43 4 20 36 34 2 18 10 25 16 32 33 6 14 7 11 46 26 21 12 19 42 49 17 30 15 22 13 28 50 1 44 41 5 27 8 37 31 23
7 46 45 3 8 33 38 44 36 32 14 9 29 42 16 35 49 26 4 17 2 39 50 10 21 1 22 23 31 20 34 19 28 37 6 30 48 47 40 12 18 43 5 41 13 15 24 27 11 25
13 10 9 25 22 42 47 12 35 11 20 23 33 21 34 1 48 26 27 40 37 44 16 4 45 3 49 24 32 15 2 30 36 41 6 19 14 18 29 5 43 50 28 7 39 8 46 31 38 17
15 39 50 48 1 38 42 16 10 34 37 46 44 31 27 19 25 3 21 30 49 26 22 36 9 18 5 23 28 45 41 7 33 32 2 17 20 14 13 47 8 35 6 43 12 29 11 24 40 4
33 23 37 50 11 26 48 14 46 41 44 19 30 29 17 22 39 25 16 47 12 35 18 5 10 32 4 38 42 27 28 49 2 31 8 34 45 13 20 15 7 6 36 40 21 3 9 43 24 1
32 27 34 4 9 30 44 50 12 22 21 10 1 2 45 33 39 29 28 37 46 48 26 13 7 41 11 38 17 24 5 40 49 43 8 23 31 14 20 16 47 19 36 6 35 42 15 25 18 3
5 44 34 10 37 38 30 41 27 18 48 6 22 29 14 15 24 2 36 35 12 21 25 31 20 45 46 50 3 8 43 16 39 32 9 40 49 17 13 47 7 28 19 42 11 4 23 33 26 1
26 3 8 6 22 33 5 14 19 40 1 41 43 47 50 13 30 49 37 42 27 7 28 38 48 12 44 23 2 34 46 11 20 10 21 32 45 16 29 25 35 24 4 18 36 9 17 31 39 15
16 24 46 11 37 49 23 32 47 48 21 3 9 4 6 5 34 2 30 10 19 28 29 13 39 31 26 40 43 25 17 33 44 42 15 22 18 20 14 12 7 45 1 38 36 50 27 35 41 8
36 25 21 26 38 8 19 49 9 22 11 6 29 48 41 23 13 2 46 35 18 10 24 45 39 33 20 31 3 27 40 15 42 14 1 28 7 44 30 47 17 4 16 34 12 32 50 37 43 5
18 19 26 7 47 3 16 42 22 27 48 43 30 35 41 50 8 1 49 14 38 21 44 39 4 28 46 12 36 37 40 31 29 32 34 2 9 15 5 17 23 13 25 10 33 45 11 24 20 6
49 10 7 36 44 46 25 27 33 4 23 34 14 3 17 13 31 5 38 22 48 9 24 6 45 18 16 40 37 8 30 12 39 15 50 2 35 42 26 28 20 43 47 11 32 21 19 41 29 1
12 20 47 19 42 32 49 8 41 4 11 26 27 30 34 39 35 31 36 9 14 33 18 45 37 24 3 43 25 46 22 40 13 6 48 38 15 44 5 29 50 1 17 2 21 10 16 7 28 23
24 3 44 49 22 31 5 34 19 15 17 37 35 39 45 36 42 2 11 9 21 43 20 47 10 28 14 32 1 12 4 18 26 8 13 38 29 46 23 48 30 40 6 33 25 50 7 41 27 16
43 33 18 20 28 8 23 9 16 21 11 17 3 6 27 29 5 44 37 7 14 13 38 32 25 46 45 4 35 36 24 22 49 12 41 31 10 19 42 2 15 39 30 1 47 48 40 50 34 26
29 19 22 47 13 5 41 33 45 17 18 2 36 8 12 50 34 49 11 3 31 43 14 26 25 16 1 37 30 23 7 42 10 15 24 35 6 46 4 20 32 39 44 40 27 21 9 38 48 28
41 29 35 2 6 34 50 18 45 17 23 4 3 15 16 43 37 5 49 12 28 22 38 25 21 31 10 27 14 36 40 46 42 1 48 26 30 11 13 47 20 9 39 32 19 7 8 44 33 24
6 12 42 48 14 18 30 26 3 45 35 32 34 8 47 20 16 1 40 49 36 43 10 23 38 29 27 33 9 5 28 31 25 21 44 39 17 22 2 24 4 41 11 50 15 19 37 7 46 13
1 15 10 3 46 17 31 19 36 26 34 49 50 11 32 39 4 30 38 12 47 33 2 27 14 48 5 18 45 24 6 16 44 41 35 20 22 7 8 43 37 40 9 13 23 42 25 28 29 21
40 37 30 44 24 46 32 50 16 5 29 8 20 42 36 41 11 35 15 48 6 14 10 26 17 12 33 43 34 49 4 7 1 27 22 39 47 31 2 21 45 19 38 28 23 13 9 18 3 25
14 32 6 23 46 38 28 17 12 2 40 1 39 42 48 35 41 25 49 30 44 22 34 9 37 26 31 36 19 24 50 8 3 4 33 11 29 10 5 15 27 47 21 45 43 20 18 7 16 13
9 1 42 32 3 48 40 16 13 37 6 4 10 28 2 47 8 19 17 30 5 26 23 14 21 33 24 49 27 43 36 50 29 39 35 46 22 45 25 11 38 12 44 18 41 15 7 34 31 20
14 19 29 13 15 42 50 34 38 33 40 25 10 44 20 28 31 26 32 45 35 1 36 11 23 30 22 49 9 39 48 5 46 7 27 3 6 17 4 24 18 12 47 37 16 41 21 8 2 43
25 36 22 26 9 10 3 40 29 11 34 8 12 4 2 30 17 48 18 41 13 42 50 37 6 31 23 39 33 28 5 49 7 21 19 27 32 47 16 38 44 46 14 24 43 35 15 45 20 1
12 31 21 16 26 3 7 13 37 46 43 29 33 18 48 40 9 22 30 15 14 4 35 38 39 27 6 28 1 41 45 47 11 24 23 49 25 19 10 34 20 36 2 32 42 44 17 8 50 5
35 3 2 40 49 21 9 42 20 5 1 41 7 45 39 10 16 12 37 22 15 17 29 43 13 30 44 31 33 23 47 27 11 36 8 6 18 34 28 25 24 19 38 48 26 46 4 14 32 50
9 26 30 1 32 11 43 2 8 35 24 33 47 48 16 13 42 19 50 17 34 14 23 31 25 12 29 28 46 39 37 41 36 5 18 38 3 22 4 27 20 45 40 7 44 49 10 6 15 21
9 1 26 46 29 35 4 3 14 22 48 40 13 19 27 8 34 21 20 11 33 2 50 17 49 7 15 24 32 39 45 30 12 42 31 16 18 6 5 47 41 44 23 10 38 36 37 43 25 28
10 31 22 21 19 25 2 12 40 49 7 13 46 23 11 38 43 50 17 1 20 14 35 27 3 4 42 36 28 5 9 34 48 15 8 16 6 37 32 18 26 44 39 29 47 45 30 41 24 33
33 9 8 45 1 10 26 20 24 7 29 41 21 22 27 28 30 6 25 34 39 37 38 18 32 11 35 19 3 40 17 15 47 46 42 12 16 48 49 36 43 5 23 31 44 2 14 50 4 13
44 27 47 3 30 34 29 5 48 21 16 25 8 12 15 17 42 4 6 36 49 38 24 7 13 50 9 1 20 23 26 43 33 18 32 2 39 35 19 31 14 37 11 10 41 45 22 46 28 40
3 29 36 8 17 5 6 21 24 45 10 47 23 25 11 34 26 1 32 30 48 2 9 7 40 50 38 18 37 49 22 16 44 33 42 35 15 19 39 28 4 13 12 14 41 43 20 31 27 46
17 46 40 48 21 15 14 24 22 34 47 20 30 9 44 33 37 6 31 45 19 13 3 42 23 35 41 26 8 16 36 50 49 10 11 1 12 29 39 27 2 7 43 18 4 5 32 28 25 38
11 21 1 46 25 45 17 3 39 18 9 31 23 2 41 7 27 38 22 26 14 34 24 16 32 5 6 30 19 12 13 35 33 42 4 28 40 44 15 8 48 36 20 49 37 10 47 29 50 43
23 2 35 48 42 7 31 44 20 13 18 28 29 45 12 16 22 6 46 10 9 32 47 19 50 15 27 1 3 38 41 5 43 30 17 25 11 14 36 8 4 34 49 24 39 26 37 21 40 33
37 32 17 10 23 42 31 18 14 28 45 34 49 12 3 11 19 4 29 5 27 44 30 40 1 7 33 21 26 46 41 2 9 43 25 47 35 39 20 48 16 22 36 8 15 13 50 38 24 6
30 27 41 14 29 37 28 17 43 16 23 8 4 11 34 10 2 13 42 20 19 49 48 46 15 40 24 31 35 21 50 3 26 33 6 12 25 1 45 39 36 38 5 47 32 18 9 44 7 22
49 18 48 4 41 32 34 35 37 13 31 26 21 19 2 47 22 24 8 30 42 45 38 50 23 9 15 5 1 3 6 36 40 33 20 12 25 28 29 46 10 14 17 11 27 16 7 43 39 44
50 3 25 10 14 38 24 41 13 30 39 11 15 46 7 4 1 33 49 21 35 2 34 36 6 12 9 8 45 47 17 23 48 32 37 5 42 28 44 43 22 26 31 20 27 29 16 18 40 19
37 27 18 41 13 40 12 3 11 4 30 1 20 22 46 36 28 39 7 33 29 14 15 44 35 2 50 32 38 47 9 24 6 8 49 45 43 42 21 34 48 25 17 5 23 31 10 16 19 26
17 39 41 10 47 13 21 36 7 20 23 19 4 31 8 49 34 48 18 27 46 37 50 40 1 26 35 6 9 2 5 45 3 24 42 14 29 15 38 30 16 32 33 43 12 28 11 44 25 22
6 39 14 49 36 21 42 31 35 46 32 48 27 37 7 40 41 22 33 13 20 18 5 28 29 9 16 38 24 11 45 10 44 1 17 2 30 3 8 47 26 25 4 19 12 34 43 15 50 23
22 30 15 38 29 34 24 36 32 3 23 1 20 13 19 42 28 37 12 10 48 44 45 43 9 8 17 39 46 7 25 6 2 16 41 5 47 21 49 31 27 35 4 14 33 11 26 18 40 50
43 31 32 29 21 7 18 12 40 10 27 47 19 46 28 44 16 17 48 3 2 26 13 20 39 34 38 5 35 1 4 50 15 23 9 30 45 49 14 36 11 33 6 41 42 37 24 22 25 8
45 16 4 21 49 30 9 33 24 6 47 39 12 1 38 41 27 50 13 17 23 31 5 20 28 22 29 44 32 34 26 42 15 14 48 7 19 25 35 2 46 18 3 11 10 37 36 8 40 43
44 36 1 26 13 12 34 45 24 47 7 43 4 30 8 6 49 27 17 15 19 21 28 48 40 2 31 16 41 10 9 38 11 39 18 5 23 20 29 22 46 33 25 42 32 3 50 37 14 35
15 45 7 37 6 2 17 28 4 23 19 12 43 50 5 27 40 36 38 20 25 33 42 13 49 21 3 11 34 44 48 1 14 47 10 30 18 24 29 39 8 16 41 9 22 32 35 46 26 31
6 26 21 14 16 13 2 50 36 45 7 5 44 10 34 11 33 23 22 27 18 40 1 47 4 30 3 39 12 35 46 15 8 32 48 42 24 37 9 28 17 20 25 31 49 41 19 43 38 29
33 41 31 30 38 22 3 34 20 45 32 48 10 11 46 37 12 18 50 24 2 35 47 39 49 6 43 25 27 19 13 1 42 29 40 16 28 9 44 5 17 21 14 23 4 8 36 7 26 15
44 42 28 26 3 8 33 31 18 17 15 50 6 9 12 38 39 40 30 24 1 19 29 49 14 41 27 47 11 43 13 5 25 20 21 23 2 45 16 34 7 36 37 22 46 10 32 4 35 48
13 47 35 39 37 16 4 9 41 43 21 49 31 40 22 19 33 2 23 7 14 18 8 6 12 42 32 5 28 3 29 30 20 44 48 27 17 38 15 50 24 25 34 10 26 11 1 45 46 36
37 1 12 44 14 47 7 19 31 17 20 18 40 34 45 16 36 13 15 23 6 4 3 46 35 38 8 49 10 28 33 48 32 2 42 27 11 50 39 9 41 29 21 22 30 26 5 43 24 25
40 33 6 29 45 4 24 17 50 28 16 48 27 19 5 25 47 11 3 39 18 21 44 31 37 34 35 42 15 23 1 13 30 32 2 43 8 49 46 20 41 38 22 14 7 26 9 10 36 12
34 48 3 50 19 15 27 31 5 8 24 28 17 6 1 12 45 37 43 44 10 16 40 36 26 32 2 11 13 42 7 47 4 33 25 14 9 39 22 30 46 49 21 20 23 41 35 29 18 38
47 3 48 42 40 45 9 43 1 27 18 26 5 29 30 28 50 46 13 38 16 41 12 25 23 44 37 21 19 6 36 32 24 34 33 22 17 2 49 8 31 39 4 20 7 15 10 35 11 14
11 38 16 1 6 35 28 19 24 12 7 45 31 14 23 22 5 15 48 13 9 41 25 49 4 33 37 2 50 29 36 10 39 34 27 18 43 44 21 40 26 46 42 8 20 3 17 30 47 32
44 26 9 33 24 20 22 1 28 11 29 38 12 10 16 43 18 48 34 13 40 31 41 45 50 46 35 27 8 14 21 19 6 7 15 5 36 23 2 37 17 49 25 30 42 39 3 32 4 47
26 34 49 13 33 35 11 37 19 7 30 2 29 14 6 50 21 1 42 25 28 10 16 47 20 39 18 48 31 5 41 3 17 8 23 24 40 12 32 36 43 22 15 4 45 9 46 38 27 44
27 22 14 9 29 45 35 18 30 44 47 46 23 34 2 43 16 42 21 28 15 13 1 25 20 17 5 39 32 24 4 12 41 48 6 33 26 31 50 11 37 49 10 40 38 8 19 3 7 36
43 33 18 1 13 3 36 48 12 26 41 20 23 22 16 25 9 6 14 5 42 32 47 44 35 27 46 29 50 19 28 11 40 10 30 2 49 24 37 8 7 4 21 39 17 34 15 45 38 31
29 15 8 6 14 35 4 2 41 1 47 43 27 48 45 24 39 50 30 33 40 49 11 9 22 7 44 17 46 34 12 18 32 26 37 20 3 5 21 25 10 19 42 38 28 13 36 23 16 31
21 35 22 2 4 33 23 41 9 32 28 15 38 17 7 45 6 5 44 24 1 29 49 27 14 48 39 12 19 3 46 20 42 34 26 40 25 11 43 18 13 47 16 37 31 8 30 50 36 10
8 28 48 20 18 26 37 9 33 21 5 3 35 31 13 41 45 25 34 14 40 19 17 29 38 10 30 12 15 23 7 49 1 2 11 47 24 32 50 4 6 36 44 43 39 16 42 27 46 22
13 49 11 3 50 45 41 26 4 17 43 27 39 5 24 44 20 34 14 22 8 19 1 47 25 32 48 38 28 36 42 9 31 37 15 33 46 29 10 16 2 18 12 7 6 23 40 30 21 35
8 1 19 12 37 33 15 47 23 36 35 2 43 30 10 27 17 49 6 26 41 34 42 3 14 13 9 46 50 40 11 44 5 20 21 7 48 18 32 39 28 25 45 4 22 31 38 24 29 16
41 20 36 34 4 16 17 5 26 14 18 31 42 10 3 40 15 28 29 50 35 38 24 43 2 1 21 22 49 45 25 47 32 12 46 27 44 9 30 19 7 6 33 13 11 39 23 8 37 48
3 48 19 32 1 12 46 9 31 11 2 25 35 15 33 49 29 45 27 41 16 50 42 28 17 36 44 38 20 43 37 5 10 22 34 26 47 13 6 4 14 23 8 21 24 39 40 18 7 30
1 35 3 7 6 45 31 4 50 14 11 24 15 36 16 27 12 41 34 23 43 49 2 46 8 5 48 20 18 40 33 29 42 47 13 17 37 28 22 39 44 26 32 21 9 10 19 38 25 30
43 45 10 35 18 24 41 3 13 37 21 25 8 34 48 33 15 5 47 38 11 7 30 26 46 36 50 6 44 20 32 16 17 2 12 39 40 31 23 49 14 9 42 19 4 27 29 22 28 1
4 28 23 36 11 24 12 2 5 26 32 25 38 15 19 1 21 8 47 17 30 18 46 48 42 14 43 41 3 31 13 20 27 49 45 33 50 39 22 44 9 16 37 29 35 34 10 6 40 7
21 19 47 48 30 14 22 4 16 8 46 17 41 10 38 13 32 34 12 28 9 31 39 20 29 44 11 33 6 5 35 23 37 49 45 25 7 3 15 2 42 26 50 36 40 24 43 18 27 1
21 44 11 47 49 23 48 41 40 43 37 19 42 38 15 10 39 34 33 14 29 45 25 1 20 27 18 17 4 3 35 28 22 50 46 16 9 5 31 8 7 6 13 30 24 36 32 2 26 12
21 47 32 13 30 38 36 40 12 16 35 20 14 3 28 24 4 43 44 11 29 17 49 27 22 41 33 39 19 9 26 10 42 34 25 50 15 2 23 18 48 6 1 31 8 7 45 37 5 46
7 5 25 37 29 47 22 42 43 40 45 16 48 14 38 28 20 24 9 44 21 19 15 50 2 10 18 27 35 11 8 26 6 17 31 1 30 32 23 3 12 13 36 34 46 41 33 39 4 49
1 34 9 20 49 14 50 13 24 45 35 38 8 7 5 48 4 26 10 17 11 12 39 37 21 27 33 3 29 42 46 22 15 43 25 30 6 40 23 28 36 18 16 19 41 32 44 31 2 47
37 39 28 50 18 22 36 47 27 32 14 8 5 16 40 44 3 35 6 46 43 2 21 12 48 38 4 45 23 49 31 30 42 33 1 34 10 41 29 24 25 26 11 15 20 9 13 19 7 17
19 8 20 31 44 11 29 34 6 23 1 33 35 22 48 45 27 9 37 25 24 12 2 26 49 40 4 17 32 5 47 38 39 10 13 30 42 43 7 46 28 41 50 36 3 14 21 18 16 15
5 20 47 13 46 2 7 8 23 18 41 50 31 35 48 49 29 17 14 42 28 33 44 21 40 30 11 38 16 43 27 15 34 37 4 25 9 39 19 3 26 22 36 12 24 45 32 10 6 1
30 50 8 26 14 40 21 38 17 44 32 5 9 19 16 15 20 22 48 36 13 11 46 47 2 12 25 27 24 29 43 10 18 41 23 3 39 42 4 35 45 37 33 6 7 49 31 28 34 1
14 39 46 50 7 20 40 44 25 35 33 19 29 42 31 43 47 9 11 13 23 28 18 1 8 37 26 36 17 30 34 21 5 3 2 48 12 6 32 38 27 16 4 41 10 45 15 22 24 49
43 23 25 1 49 9 45 8 13 10 24 26 29 44 31 3 18 33 16 47 21 48 4 34 19 30 2 11 27 14 50 20 15 39 28 40 38 42 17 46 6 41 5 35 12 22 32 7 36 37
27 46 38 29 25 45 23 44 15 20 17 9 37 35 12 11 6 32 42 24 7 43 16 8 26 47 36 18 34 22 14 10 13 48 21 41 39 5 31 30 50 49 28 2 40 33 3 1 19 4
11 39 38 49 33 44 48 34 18 8 37 6 32 24 25 26 12 15 50 43 9 5 10 42 3 27 41 35 1 13 23 7 22 14 2 28 46 4 40 47 36 20 30 31 45 17 19 16 21 29
34 18 46 11 6 30 5 8 32 12 42 25 3 27 24 33 45 4 16 37 39 21 17 23 47 1 9 22 41 10 2 44 50 49 40 26 13 36 15 7 19 31 29 38 14 28 48 43 35 20
41 11 28 7 30 17 26 13 12 25 14 37 24 4 38 45 10 47 18 22 9 39 29 40 32 33 49 20 46 35 48 2 8 44 43 19 6 21 27 23 16 5 50 1 15 3 31 36 42 34
29 19 14 28 42 2 40 20 35 27 7 49 39 26 36 5 17 30 37 43 44 16 45 9 8 1 4 33 31 3 18 50 41 22 12 21 15 47 38 34 32 10 6 11 48 46 23 24 13 25
48 21 17 29 12 37 28 5 33 50 25 31 18 11 16 44 23 14 35 47 30 41 2 24 49 13 45 26 38 27 7 15 43 4 39 34 36 1 46 40 20 3 8 6 9 42 32 22 19 10
21 50 34 4 30 43 38 9 6 23 3 29 12 41 5 31 18 10 42 22 16 13 24 17 27 19 48 44 11 26 25 7 47 39 28 20 1 2 36 8 35 40 49 14 15 32 45 46 33 37
19 6 2 3 13 29 45 14 30 11 40 47 23 41 12 15 28 43 17 42 36 31 32 10 18 22 44 37 21 5 16 25 7 9 1 50 8 49 33 38 48 24 20 34 4 46 39 27 26 35
19 25 14 36 11 4 41 17 34 7 8 29 26 47 18 48 5 28 16 1 2 21 38 6 45 15 22 40 46 13 50 30 32 12 35 42 33 31 10 49 44 39 9 3 23 27 43 37 20 24
3 46 12 17 38 21 2 10 9 48 14 29 45 39 13 35 50 28 11 18 26 22 6 4 30 7 41 32 31 15 27 42 49 25 8 1 40 16 34 19 37 5 43 20 23 36 47 33 24 44
49 19 1 18 23 50 35 48 41 12 32 8 10 40 24 36 38 14 34 7 42 5 33 9 43 47 25 22 17 3 26 21 44 27 46 29 4 15 13 30 20 45 37 39 28 31 11 6 16 2
25 27 41 26 10 19 45 12 4 39 43 17 42 49 14 47 24 9 50 6 28 22 7 44 38 36 2 32 21 3 35 37 40 11 5 8 46 33 31 13 20 34 18 15 48 1 29 23 16 30
47 43 22 17 33 26 2 19 11 48 20 1 5 29 9 8 41 31 6 40 7 3 44 12 27 28 24 36 34 14 46 49 32 16 45 25 37 39 21 4 13 35 30 50 10 23 42 38 15 18
12 36 7 47 42 43 17 50 28 26 25 31 11 49 5 32 38 33 23 10 20 27 29 22 8 4 2 9 1 14 15 21 34 45 13 6 18 19 44 37 46 30 41 39 16 3 48 24 35 40
42 41 44 13 36 17 39 26 28 30 15 27 34 4 33 16 1 6 29 23 24 22 2 25 9 20 46 21 18 8 47 48 43 32 38 14 3 11 7 49 10 50 31 12 40 19 35 37 45 5
35 31 22 48 36 13 38 1 41 25 15 4 33 3 23 44 24 37 27 42 47 18 9 21 8 16 32 40 11 14 39 28 46 2 12 43 7 20 34 17 26 45 49 10 30 19 6 50 5 29
41 25 43 7 32 2 50 16 49 22 36 1 14 9 18 15 39 29 40 45 20 11 34 30 6 33 42 13 3 10 28 26 47 12 4 35 44 23 8 19 48 5 21 27 31 37 17 38 24 46
19 38 24 43 20 22 21 37 44 16 32 33 46 27 1 23 35 31 2 41 10 13 36 34 12 14 42 11 5 47 45 50 28 18 4 40 48 26 8 9 25 17 29 15 7 30 6 39 3 49
21 18 1 30 6 48 3 36 34 28 2 39 27 26 43 37 40 44 33 4 32 19 7 29 47 20 14 10 25 12 23 13 22 16 45 15 8 9 42 35 41 5 50 31 38 49 17 11 24 46
25 7 24 28 15 36 22 46 27 23 48 9 26 18 32 35 11 34 21 19 4 2 16 20 37 33 8 10 43 50 5 3 39 30 47 17 44 41 12 45 49 14 38 1 29 42 6 13 40 31
36 32 1 23 18 26 2 9 22 25 50 38 49 8 6 20 14 35 37 47 31 30 21 11 15 42 41 12 10 24 27 5 29 19 34 17 28 3 48 46 16 43 4 45 13 44 33 40 7 39
23 45 39 21 10 44 29 8 19 32 22 26 50 24 41 18 6 11 47 13 35 27 36 25 12 30 40 33 34 15 46 4 2 9 17 42 48 28 38 7 49 3 1 20 14 43 31 5 16 37
49 3 6 31 1 50 32 21 14 43 13 19 10 28 15 42 45 35 12 39 34 2 11 16 26 48 37 20 27 46 44 7 30 18 40 38 8 9 29 23 22 5 36 33 47 25 4 17 24 41
3 40 18 10 38 9 14 19 2 5 37 31 35 8 1 34 21 27 4 47 36 45 49 23 17 11 33 28 25 6 15 39 22 16 50 42 46 41 13 7 48 24 44 26 30 29 32 20 12 43
4 14 13 28 26 1 15 34 31 12 50 24 37 19 46 16 41 38 32 25 49 43 17 47 3 7 39 44 18 23 40 9 36 22 5 29 35 30 42 48 21 20 2 27 10 45 6 11 8 33
37 50 45 22 28 14 39 11 41 4 21 3 44 2 19 9 27 24 16 7 6 32 49 25 48 34 18 36 1 13 35 5 47 26 15 17 42 38 33 31 10 23 20 8 40 29 43 12 30 46
27 39 40 8 23 46 20 3 2 1 17 15 30 26 14 47 21 24 50 12 49 48 28 43 6 32 44 36 31 10 29 22 19 42 45 25 33 41 37 13 9 38 11 5 34 35 4 16 7 18
29 6 19 9 48 1 17 35 22 49 10 40 30 32 27 8 23 24 14 44 50 42 47 18 26 43 11 39 16 2 46 28 45 21 12 3 41 13 31 7 36 15 25 38 20 34 37 33 5 4
3 2 25 11 34 45 32 7 43 14 10 20 33 37 46 18 40 22 28 29 41 4 16 19 31 5 12 38 21 9 44 27 17 36 24 30 42 13 1 35 23 47 50 48 8 49 15 6 39 26
26 13 33 3 36 19 47 40 38 46 22 20 34 17 8 4 21 23 27 49 37 29 24 14 25 39 48 12 2 6 30 28 11 35 5 50 7 10 32 18 44 1 45 9 42 31 41 15 43 16
14 42 48 6 49 24 33 44 18 20 16 30 35 46 17 22 21 38 19 45 4 2 23 5 43 31 29 7 37 11 13 28 15 40 50 47 39 27 34 3 10 41 36 8 9 25 26 32 1 12
27 28 24 30 1 7 10 38 13 35 41 4 6 12 18 46 45 2 31 21 15 39 19 25 14 23 16 44 50 40 32 37 26 8 49 17 47 36 43 34 5 20 29 42 3 48 9 22 11 33
12 23 17 2 7 18 37 49 16 5 41 24 15 42 25 30 14 34 45 21 35 6 19 1 10 33 46 39 40 26 27 43 31 36 8 48 3 28 9 44 22 13 29 4 20 47 11 38 50 32
27 19 34 26 44 4 22 50 42 5 29 35 24 18 6 45 17 3 39 28 46 20 13 40 15 36 43 25 31 9 16 47 1 49 8 10 12 14 11 33 30 38 32 23 7 2 21 48 41 37
19 50 6 49 13 18 9 5 25 30 40 3 39 22 29 41 15 20 1 38 33 46 21 36 24 23 4 2 12 16 31 48 27 44 28 8 26 42 45 11 35 47 37 34 10 7 17 14 32 43
4 37 25 11 18 13 45 44 2 33 10 49 20 23 34 43 39 9 5 36 46 32 7 3 35 29 50 22 1 42 26 21 15 6 27 30 14 47 38 8 48 31 16 40 24 17 28 19 12 41
12 28 2 22 29 19 33 6 24 48 39 5 21 10 44 31 13 4 14 38 34 40 43 47 11 15 49 9 8 50 7 26 23 45 25 16 35 17 37 46 18 42 30 32 27 1 3 20 41 36
48 30 23 24 46 17 28 25 39 26 4 29 32 14 45 15 3 11 44 16 37 38 21 8 1 19 2 5 18 50 42 33 36 41 20 34 12 10 31 35 6 7 27 49 43 9 47 40 22 13
29 23 34 24 36 9 30 44 12 25 48 47 7 11 33 35 14 10 46 22 49 21 1 43 50 38 15 37 20 45 32 3 26 31 18 4 5 27 17 16 40 41 28 19 6 2 42 39 13 8
35 5 48 40 17 22 8 30 14 15 2 11 18 25 4 16 12 31 28 23 32 38 10 39 49 21 36 41 43 44 24 3 7 33 37 27 46 19 47 29 26 50 9 42 34 1 6 13 20 45
11 48 18 16 49 34 2 10 5 9 7 30 4 41 36 19 35 20 40 6 28 47 26 13 22 31 17 29 33 42 23 14 21 27 24 32 38 45 12 8 1 25 39 37 15 3 44 50 46 43
50 37 20 29 22 25 30 5 6 1 17 27 48 44 3 39 41 16 31 23 7 13 18 28 42 49 45 34 47 24 2 14 35 10 19 36 43 21 46 4 15 9 26 32 40 11 33 12 38 8
49 48 5 27 45 34 21 37 19 20 38 43 36 4 7 40 23 35 24 39 2 8 12 9 50 18 1 6 10 42 30 41 11 33 31 29 28 32 17 14 47 26 15 44 25 22 16 3 13 46
13 46 50 12 25 23 6 18 19 45 22 7 8 1 49 16 37 47 34 4 43 28 42 41 32 39 17 31 27 36 38 48 9 30 24 21 10 35 11 40 44 5 3 26 20 15 2 29 33 14
27 17 38 29 49 23 36 10 1 15 3 18 6 30 8 4 32 19 41 25 37 21 28 2 12 48 43 11 34 50 22 9 40 45 31 13 5 44 35 39 7 24 47 20 33 14 16 42 46 26
49 5 23 33 6 2 27 46 10 9 38 48 26 22 20 41 40 16 24 35 8 1 50 4 32 31 11 18 12 45 3 17 7 29 14 36 19 39 37 30 47 21 25 15 34 43 28 13 44 42
20 16 38 46 12 24 23 41 1 39 14 18 8 9 31 50 21 2 47 17 4 34 19 29 37 36 7 33 26 35 11 27 3 42 6 45 48 28 15 30 32 43 25 40 10 13 22 49 5 44
21 14 25 48 33 35 4 29 50 7 23 24 9 26 37 18 32 22 11 40 42 3 15 16 17 8 46 2 38 31 19 41 39 13 6 28 49 45 30 44 43 12 47 36 5 1 10 34 27 20
26 47 8 30 13 14 22 36 37 42 18 35 2 5 31 7 9 27 23 4 33 29 16 39 11 24 25 19 20 41 48 46 10 50 17 21 15 32 45 3 6 1 12 49 40 44 38 34 28 43
44 14 28 8 19 48 7 13 50 16 22 40 5 17 21 38 43 26 25 45 4 34 42 9 3 10 6 29 35 36 2 41 11 47 32 33 12 49 46 18 31 39 27 37 30 15 24 20 23 1
35 17 44 19 20 22 39 25 38 1 3 46 26 29 27 2 4 6 36 43 50 47 42 23 13 14 49 48 7 12 11 33 10 28 32 9 15 5 21 45 16 37 40 24 34 8 31 41 18 30
14 2 9 30 31 3 33 7 19 22 34 32 50 26 13 15 46 49 12 28 25 10 40 44 38 4 6 20 36 5 8 24 35 1 11 17 18 45 21 39 27 47 42 41 37 43 48 16 23 29
2 41 39 29 42 16 8 33 1 38 3 10 24 5 13 18 26 22 6 47 49 17 31 35 28 48 21 44 45 27 15 20 12 7 11 37 50 14 25 23 19 43 36 4 34 30 9 40 46 32
38 16 37 50 12 9 47 43 40 30 18 25 35 1 45 28 8 14 46 41 42 2 33 26 27 21 15 29 31 10 36 7 32 49 22 17 11 6 4 3 23 24 34 39 20 19 13 48 44 5
18 32 39 21 37 31 42 27 28 24 34 10 48 23 15 6 4 7 26 16 9 41 8 13 5 11 35 49 25 2 22 1 43 20 50 30 3 12 17 14 33 36 40 38 45 46 44 47 19 29
37 33 46 42 19 10 49 45 50 1 47 35 12 18 15 31 14 20 44 34 8 43 29 9 11 40 3 36 39 38 4 6 22 16 28 7 32 23 17 41 27 21 26 2 24 25 13 48 5 30
37 50 28 18 1 35 21 31 5 46 17 42 12 19 34 38 47 9 44 36 33 20 10 13 41 25 16 29 14 39 4 22 2 24 26 45 6 32 48 15 49 11 7 23 40 30 43 27 3 8
41 45 27 18 37 47 3 46 24 42 12 1 34 2 33 31 23 6 13 17 16 49 36 7 48 50 44 39 43 5 19 32 28 26 21 22 10 14 35 8 25 40 29 20 4 15 9 11 30 38
46 23 43 21 12 33 28 27 39 44 20 47 49 2 26 16 14 24 48 45 10 11 6 15 35 29 50 22 30 25 7 38 31 8 41 5 17 18 1 13 3 42 34 9 40 19 32 37 36 4
33 5 9 46 20 37 25 16 15 21 45 11 18 4 8 40 29 26 43 3 30 24 34 41 35 12 38 17 22 36 23 48 50 13 14 31 42 39 7 27 32 49 44 47 1 10 2 28 19 6
6 49 36 14 48 9 21 4 50 17 11 39 44 46 45 40 28 25 47 32 18 34 43 22 31 26 3 15 30 5 16 37 29 24 42 20 41 33 38 1 12 19 8 35 10 27 7 13 2 23
45 46 24 11 17 12 26 30 38 49 16 36 3 1 15 41 2 47 39 48 6 9 33 13 18 19 23 29 14 7 21 27 42 22 31 37 44 40 43 50 25 35 4 34 8 32 28 5 10 20
26 7 44 35 31 33 39 48 28 37 21 36 40 3 4 23 2 11 34 45 12 50 42 43 22 47 14 49 29 8 24 20 27 16 5 25 17 13 15 30 46 18 9 6 41 1 38 32 10 19
15 2 32 23 21 20 5 22 33 49 1 14 18 12 31 36 4 13 39 10 45 35 3 25 24 16 30 38 7 48 44 47 19 43 9 42 41 46 28 8 11 17 29 27 26 37 50 40 6 34
47 14 44 10 48 29 23 7 6 19 24 46 50 40 12 2 27 26 20 37 42 18 1 30 31 21 43 4 28 25 13 34 32 41 39 15 5 16 3 35 11 17 9 45 49 38 33 36 8 22
10 37 5 11 49 15 48 14 13 9 47 16 44 50 24 45 3 30 21 42 19 32 17 18 27 31 46 20 35 34 43 2 6 28 39 1 25 36 22 7 40 33 29 41 26 12 23 38 8 4
42 40 34 47 44 20 26 45 11 33 22 6 18 31 3 2 16 12 8 17 15 50 39 5 32 48 7 1 37 14 49 27 41 10 21 24 46 25 29 23 28 4 19 38 43 36 35 13 9 30
15 29 6 49 21 10 27 43 14 36 41 3 28 5 4 31 24 20 17 37 9 38 16 30 25 22 13 2 45 50 23 26 48 39 46 44 12 47 7 11 42 34 33 1 19 8 32 18 35 40
48 14 42 36 37 45 34 41 44 28 8 16 47 25 49 1 43 39 6 27 46 26 38 19 17 31 4 50 13 24 18 23 32 21 22 12 11 35 20 2 30 40 29 7 10 15 3 33 5 9
17 40 12 23 29 38 26 32 20 33 4 13 42 11 8 5 1 2 39 43 15 21 16 25 44 6 31 9 50 45 27 24 48 22 19 7 30 46 49 34 36 37 28 47 14 35 41 3 10 18
22 6 36 17 48 15 27 28 18 46 10 40 25 4 1 44 35 45 16 38 39 30 19 2 3 50 49 24 43 14 9 42 12 34 29 41 20 11 8 47 7 23 21 32 5 31 26 37 33 13
46 19 34 5 17 6 4 43 27 15 26 28 13 12 9 37 31 14 10 33 24 21 7 45 3 47 42 38 1 32 49 2 39 44 25 48 16 8 50 29 11 35 36 40 41 20 23 22 18 30
40 26 17 13 28 15 47 14 30 46 35 19 7 39 16 6 41 48 10 34 36 50 27 43 3 23 33 1 8 21 49 31 9 29 12 11 22 18 20 2 44 24 38 37 45 4 32 42 5 25
8 13 16 49 7 43 45 39 42 40 5 36 37 3 9 48 1 23 15 19 38 28 17 44 29 26 18 35 2 32 21 41 30 31 46 27 33 11 6 25 34 12 14 24 10 47 22 20 50 4
47 42 50 38 19 9 4 6 28 3 11 35 15 14 1 34 30 25 43 41 36 23 21 12 39 5 7 45 22 46 48 16 32 26 40 49 31 18 29 44 2 13 20 8 24 37 10 33 27 17
20 18 35 11 28 47 26 27 32 21 33 44 41 29 50 49 23 36 16 45 6 14 4 22 46 24 42 19 10 34 38 31 43 48 2 25 30 7 3 13 1 40 17 12 5 15 8 39 37 9
19 46 3 26 48 31 35 10 2 49 39 34 11 47 22 20 17 9 30 32 5 29 12 23 4 16 44 24 50 33 36 43 1 42 37 27 45 18 15 14 21 28 6 38 41 40 13 25 7 8
23 41 39 5 4 18 7 12 24 45 29 47 19 28 8 33 15 11 48 42 30 1 20 34 31 37 35 26 32 14 49 13 43 17 27 3 22 6 9 46 50 21 44 38 36 16 40 2 10 25
36 23 4 31 29 35 22 41 37 49 12 50 17 20 34 7 40 24 9 21 25 48 32 39 33 44 18 15 5 19 14 42 2 47 8 27 16 10 3 38 46 45 43 13 11 6 26 1 28 30
36 4 9 37 38 12 3 18 25 1 5 39 27 48 42 40 16 7 15 10 49 46 45 33 31 13 41 20 2 32 28 19 14 29 21 23 44 22 50 26 35 11 47 24 43 30 34 8 6 17
17 19 20 26 37 24 10 2 29 43 35 44 7 5 6 21 34 38 3 12 42 36 31 47 40 14 32 22 41 46 15 11 1 50 27 13 9 18 49 30 8 16 33 25 23 45 4 28 48 39
25 19 17 45 42 3 39 4 2 41 33 15 46 48 12 13 22 29 9 44 47 6 38 49 43 40 31 7 35 24 32 34 18 28 37 20 21 8 36 14 1 10 26 23 50 11 5 30 16 27
35 5 34 15 47 16 1 41 30 29 4 31 17 13 48 33 21 32 20 27 39 28 19 46 8 22 9 36 6 38 49 7 18 3 45 37 40 42 43 26 24 50 25 23 12 44 14 2 11 10
18 28 11 35 41 33 13 46 19 16 12 31 37 8 23 10 6 24 40 44 2 29 25 14 42 30 21 15 43 38 3 5 22 50 20 4 17 26 9 34 36 7 27 32 48 39 49 1 45 47
7 30 35 32 18 4 33 44 6 8 39 26 42 19 12 40 9 45 25 41 2 22 47 38 1 31 34 28 11 3 43 14 46 36 15 29 27 20 21 49 23 10 24 13 17 37 50 5 16 48
4 1 26 39 43 22 42 27 44 11 14 48 47 6 33 12 35 19 31 25 28 17 30 38 41 23 7 8 50 3 45 16 36 18 21 13 9 37 10 46 20 49 5 24 34 32 2 15 29 40
38 22 24 50 2 49 19 30 37 12 25 3 13 33 9 46 17 10 11 40 43 28 27 36 42 34 15 6 8 47 5 26 31 29 23 21 45 39 44 4 1 41 32 14 35 16 7 18 20 48
15 49 7 1 27 11 37 2 26 3 45 35 10 9 32 19 22 50 33 28 43 38 31 18 14 40 48 30 16 41 23 6 20 44 8 24 36 39 25 46 17 12 47 34 13 21 29 4 42 5
30 2 29 49 3 42 33 1 13 5 10 48 7 46 26 32 4 8 19 9 39 20 15 37 45 24 50 31 28 6 35 27 16 41 12 18 23 21 47 34 11 14 38 40 43 44 22 25 36 17
26 16 31 25 9 14 40 15 42 2 27 34 39 44 3 1 37 4 24 5 36 48 33 8 17 22 10 11 6 13 18 35 49 29 50 45 7 41 43 19 23 46 47 28 12 21 32 20 38 30
13 47 34 23 29 26 1 15 38 39 50 14 24 31 11 36 20 3 27 41 9 44 45 19 46 17 5 25 49 32 40 37 10 8 43 30 28 6 35 21 22 12 18 16 2 48 33 42 4 7
29 10 8 37 28 32 6 36 1 33 20 49 18 19 24 43 17 9 30 7 5 15 4 22 45 27 34 12 16 39 11 13 47 50 25 40 21 23 26 48 44 3 38 31 2 42 41 14 35 46
43 28 47 30 17 4 24 14 10 3 32 40 49 37 12 2 22 31 44 1 7 8 26 23 33 34 19 5 29 48 15 9 11 41 39 25 46 38 36 21 42 45 20 16 18 27 6 13 50 35
23 18 7 21 31 20 2 14 1 19 29 11 28 43 5 34 46 17 39 41 42 50 48 32 27 40 47 8 33 36 6 38 16 45 12 3 30 35 15 44 25 49 9 24 22 4 37 13 26 10
27 20 17 12 19 40 31 7 5 36 2 43 9 34 28 25 50 48 13 16 4 11 32 30 35 47 26 24 44 15 37 1 46 8 39 3 14 38 33 22 6 45 23 42 41 49 10 29 21 18
23 10 45 47 19 1 48 43 27 12 49 35 20 17 8 37 33 26 16 13 50 31 28 25 40 38 42 18 22 46 34 29 44 30 36 41 39 3 5 4 11 21 6 24 14 32 9 15 2 7
1 4 25 11 2 9 26 37 3 47 50 44 15 40 49 6 35 29 7 32 10 5 46 34 30 38 39 43 13 14 31 27 8 20 28 21 45 36 22 41 33 17 24 18 16 48 12 42 19 23
31 38 19 33 3 14 16 43 1 28 23 35 2 17 48 21 9 12 24 10 50 39 47 26 49 27 40 20 29 5 8 4 41 37 32 25 6 13 18 44 34 46 45 22 42 30 15 36 7 11
19 12 30 45 16 25 36 7 44 29 34 42 41 28 8 38 10 39 24 22 4 9 32 2 17 50 1 47 3 26 15 6 31 33 23 49 27 21 5 20 40 46 37 13 14 35 11 48 18 43
39 15 21 22 11 26 29 16 6 25 5 38 2 1 37 43 30 42 35 10 19 23 33 47 24 32 34 3 50 31 48 28 44 13 46 12 17 41 27 49 7 9 45 18 36 20 8 14 4 40
32 12 7 39 49 27 3 2 35 43 50 37 25 18 11 8 38 13 48 29 28 16 17 6 34 42 24 21 10 5 41 23 19 9 22 46 4 40 30 36 45 47 44 20 31 1 26 14 33 15
50 17 21 22 12 48 31 24 47 13 40 11 44 1 15 5 23 7 30 29 49 43 42 2 20 28 46 36 10 39 35 16 27 4 37 8 3 33 45 14 34 19 38 18 25 6 32 26 9 41
24 32 16 20 37 35 28 26 10 36 41 48 30 49 25 5 17 34 29 47 8 3 27 43 13 38 2 45 6 9 19 15 18 22 12 23 11 42 46 33 39 1 4 14 40 7 21 44 31 50
42 29 27 30 48 46 41 6 49 33 34 28 14 38 9 31 37 20 4 11 19 47 21 5 50 36 45 35 22 2 3 43 26 32 23 18 44 7 24 39 25 12 15 1 16 10 17 13 40 8
42 49 1 27 23 19 17 7 35 6 36 9 2 37 39 40 10 22 13 29 12 45 26 16 44 4 34 50 21 48 18 47 28 25 46 8 11 30 43 3 31 33 38 24 32 14 15 41 20 5
10 3 29 28 36 48 25 22 19 44 4 33 34 6 40 9 13 30 12 38 5 41 18 27 35 23 8 15 42 16 37 17 46 31 39 2 32 50 24 47 1 7 26 20 11 21 43 14 49 45
1 50 7 15 35 40 26 18 8 27 41 38 11 48 30 25 9 6 39 28 47 37 31 2 5 34 20 21 17 3 36 33 14 12 46 16 45 23 22 44 4 42 19 29 24 32 43 10 49 13
1 23 39 38 17 32 42 28 19 30 4 34 6 43 10 2 18 47 5 37 27 21 36 35 41 29 45 22 20 33 40 15 46 3 9 48 7 8 12 14 31 13 25 16 49 26 24 44 11 50
5 27 3 26 9 45 15 42 22 8 24 16 34 28 46 50 19 20 13 18 12 47 32 30 25 11 23 37 2 49 1 14 4 44 40 39 31 6 36 38 35 43 21 10 41 29 33 48 7 17
28 19 38 34 12 40 7 2 46 36 16 30 8 20 6 13 48 11 47 1 41 9 43 25 32 31 3 5 50 27 24 18 33 22 49 21 4 29 35 17 39 45 15 37 14 10 44 23 26 42
19 30 21 23 15 27 26 14 41 17 16 39 31 9 38 49 29 6 18 47 44 11 45 48 36 12 35 20 32 42 3 43 4 25 37 46 1 22 13 24 7 5 8 34 33 40 50 2 28 10
37 50 15 21 9 44 28 31 11 14 17 39 48 24 41 13 12 3 10 45 42 30 46 47 38 49 16 18 33 25 4 8 43 7 34 22 29 27 5 6 36 1 23 40 32 20 2 26 19 35
38 11 45 9 32 29 24 35 19 14 8 22 17 49 37 28 50 16 10 46 5 26 18 15 41 40 43 36 6 34 42 23 13 21 4 33 31 30 2 12 39 47 20 27 1 48 25 3 7 44
49 24 26 2 25 40 38 23 34 12 17 39 30 11 13 14 20 4 33 31 32 41 5 44 21 7 8 6 47 36 45 15 27 10 16 28 19 22 3 35 37 46 50 29 43 42 18 1 9 48
49 46 42 22 15 9 1 6 37 19 20 11 4 50 45 47 34 31 28 30 17 16 12 33 5 8 38 40 41 21 29 27 23 44 2 26 3 43 18 24 7 48 36 10 35 14 25 39 32 13
3 4 35 29 30 49 40 13 20 48 12 32 15 7 34 31 33 18 42 22 44 6 9 50 10 16 26 25 5 19 8 27 38 41 1 23 43 46 14 28 47 39 37 45 2 21 11 17 36 24
22 23 2 19 17 46 39 30 33 12 41 40 26 38 32 45 20 49 3 42 25 4 21 47 48 27 35 1 11 9 36 14 29 28 18 24 37 5 10 44 7 16 15 43 6 13 31 34 50 8
39 25 8 7 32 6 34 1 20 48 43 12 13 46 27 29 18 40 41 33 26 47 11 9 31 42 5 22 30 24 36 4 44 50 3 38 17 14 21 2 23 10 19 15 35 49 16 28 37 45
10 43 42 19 11 6 37 34 47 14 20 17 4 38 9 1 36 18 30 16 24 35 2 21 48 12 7 28 23 25 46 22 27 39 44 8 33 5 49 40 41 3 45 26 15 29 50 31 32 13
40 24 2 47 41 34 31 26 18 7 12 22 35 14 16 1 6 43 28 8 49 38 33 32 29 39 11 42 46 44 10 5 30 48 25 36 4 19 13 17 50 27 23 20 3 45 15 21 9 37
11 6 37 28 15 42 19 18 43 45 8 14 1 20 39 32 27 33 25 36 22 12 44 21 17 35 26 24 48 30 47 23 38 13 3 4 5 16 46 34 2 29 10 50 9 7 31 49 41 40
29 41 11 20 30 2 31 19 21 50 37 4 14 7 38 49 45 27 44 39 40 47 9 5 3 6 25 46 23 15 43 24 22 18 48 26 33 35 42 34 13 10 1 16 12 36 28 17 8 32
11 40 23 20 48 13 41 17 42 25 7 9 50 2 24 1 19 4 31 10 27 15 12 46 21 43 37 22 35 45 8 26 29 33 16 49 44 36 30 34 3 39 18 32 38 28 47 5 14 6
32 21 1 22 17 4 27 44 34 47 16 41 24 26 2 25 3 7 30 35 13 10 37 8 20 15 19 29 6 12 14 5 48 39 49 18 9 43 31 38 28 40 33 46 11 36 50 45 42 23
38 3 15 1 12 50 36 48 24 26 34 49 17 13 28 4 45 37 47 44 27 2 33 7 31 46 42 6 40 9 39 16 10 23 8 20 21 43 41 35 25 22 18 29 19 32 5 30 14 11
28 3 18 10 30 27 39 49 26 38 31 14 11 50 7 43 47 16 45 35 23 1 19 5 37 41 44 20 33 2 34 46 17 15 29 6 36 12 9 4 21 8 32 42 13 22 48 24 25 40
9 7 16 15 33 13 41 45 29 31 19 49 6 48 1 44 40 3 43 37 36 27 24 18 12 32 35 5 10 20 26 47 30 17 14 28 22 4 38 2 42 23 34 50 39 11 8 46 21 25
46 9 26 22 14 33 31 36 5 10 47 48 38 37 27 15 32 16 45 12 8 19 13 6 4 34 18 30 44 2 40 11 1 20 42 41 7 21 39 3 24 43 28 35 17 25 50 49 29 23
34 12 22 42 19 27 23 50 38 43 3 45 32 48 36 9 8 30 17 29 41 13 49 7 25 14 16 26 35 6 28 21 33 24 1 10 40 15 39 2 4 20 18 31 47 37 46 11 44 5
31 17 33 6 21 15 39 36 12 4 42 37 19 16 3 7 27 18 8 13 2 35 22 23 47 50 9 25 49 48 34 32 11 20 46 44 24 41 38 30 14 29 43 26 45 28 5 40 1 10
5 10 17 43 3 50 48 37 11 2 39 9 22 46 38 49 15 19 6 24 20 32 16 21 4 42 30 44 1 8 33 28 47 18 26 25 23 13 12 40 7 45 31 34 35 36 29 27 41 14
6 41 36 40 33 22 12 3 8 15 24 2 27 25 11 23 31 10 20 30 16 45 44 48 18 34 9 35 39 17 13 37 50 32 43 49 26 4 19 28 29 7 1 14 42 5 47 38 21 46
29 4 10 3 33 6 19 50 43 14 11 35 21 49 30 25 40 2 12 28 36 16 9 15 23 44 37 13 7 18 48 47 31 41 46 20 39 24 8 22 38 27 34 17 1 32 42 26 5 45
27 26 32 35 24 38 41 42 30 1 48 7 17 22 40 10 20 12 16 44 36 45 46 23 14 25 19 13 50 18 37 39 4 11 6 5 31 8 49 28 29 3 15 21 47 43 2 33 34 9
42 22 36 2 45 38 25 34 9 11 19 50 44 35 30 3 40 31 7 16 39 8 41 43 27 6 23 26 15 32 33 21 10 4 37 29 20 14 1 46 48 12 24 49 47 17 28 13 18 5
37 23 25 11 35 12 31 6 20 22 42 7 1 34 49 44 47 4 39 32 9 14 40 33 18 29 46 3 13 41 10 36 43 24 26 48 38 8 30 17 27 19 16 15 2 45 28 50 21 5
14 37 31 18 49 4 19 27 13 21 25 32 43 9 41 20 17 10 3 2 6 29 23 42 47 16 11 5 38 7 33 30 45 12 40 34 8 48 1 26 28 39 50 44 46 15 22 36 35 24
25 6 33 47 8 12 36 30 35 48 42 18 43 37 17 15 38 27 40 32 49 10 1 28 9 20 41 50 3 14 24 44 45 5 46 29 7 31 16 4 11 22 23 34 21 2 39 19 26 13
14 11 8 22 28 7 5 18 32 19 48 50 21 35 41 16 6 29 39 17 36 49 15 43 46 26 2 27 4 33 9 13 25 23 45 40 10 20 1 47 12 24 44 37 38 34 31 3 42 30
3 34 35 18 1 46 27 44 30 45 15 22 14 36 7 48 47 21 10 41 24 39 43 23 42 33 19 28 2 13 16 26 4 38 5 20 25 49 32 9 29 50 31 12 11 37 17 8 40 6
25 15 17 28 21 45 42 33 29 14 2 10 46 16 5 41 48 4 49 20 26 30 12 32 22 31 43 40 8 35 39 9 38 37 6 3 47 1 11 7 27 34 50 19 23 24 13 36 18 44
27 6 1 10 35 34 26 48 16 3 49 22 40 19 12 39 8 47 4 46 7 42 14 30 36 15 33 37 13 44 17 50 2 43 45 5 18 31 21 20 25 41 23 24 29 38 9 32 11 28
4 43 39 38 12 22 20 28 37 10 35 15 5 25 17 7 24 32 48 2 36 44 11 33 14 50 45 42 26 34 46 16 19 8 41 21 6 1 18 13 30 9 23 49 47 27 40 31 3 29
42 18 36 12 26 3 27 37 45 16 11 22 1 47 40 30 46 41 6 2 34 14 33 50 48 49 32 39 44 23 8 5 43 35 21 4 25 9 15 7 38 10 13 19 28 20 31 24 17 29
6 5 16 35 19 22 37 32 15 30 24 38 33 39 12 49 23 26 4 43 2 36 50 48 9 28 20 46 17 1 31 3 14 45 13 40 11 10 47 7 42 18 25 44 27 41 34 8 29 21
34 25 17 33 21 38 47 35 4 24 37 30 15 36 22 49 3 7 9 19 12 2 44 20 31 16 18 1 6 45 41 13 11 29 39 42 27 48 8 10 28 23 32 43 5 26 40 46 14 50
16 50 47 17 9 48 38 11 14 24 25 46 27 37 6 18 33 45 43 5 41 26 28 23 44 20 22 4 13 8 36 3 32 30 31 42 15 12 19 1 21 39 10 49 29 34 7 2 35 40
39 13 34 5 19 28 29 14 48 21 18 11 4 8 30 35 25 32 26 44 36 31 45 7 20 12 1 49 37 47 41 2 23 9 16 22 15 46 27 6 24 40 50 17 33 38 43 42 3 10
36 27 50 48 32 24 26 33 14 23 13 3 4 41 10 12 46 35 39 9 37 44 22 15 29 19 30 49 1 42 18 28 11 31 25 6 34 5 20 38 47 16 43 8 7 45 21 40 2 17
24 21 14 4 12 35 20 44 11 2 27 32 25 15 9 33 5 47 37 22 41 7 17 31 43 39 45 16 36 42 38 28 29 40 34 6 49 8 46 23 3 19 50 13 1 26 48 30 10 18
3 7 9 27 43 11 15 41 37 22 6 21 35 13 29 38 20 24 10 39 5 2 23 32 28 33 8 40 45 48 44 36 17 1 4 30 12 47 46 25 31 16 34 14 50 42 49 18 26 19
21 27 44 38 1 39 35 24 19 48 9 33 2 26 28 34 11 40 5 6 50 23 12 45 22 7 30 8 47 20 41 37 3 46 4 18 25 17 29 16 36 49 43 42 14 32 31 10 15 13
22 20 5 46 44 49 13 9 28 7 14 21 4 41 38 37 25 47 39 6 8 26 30 50 36 3 34 27 33 15 45 10 16 17 42 24 12 2 35 11 1 18 19 23 32 43 29 40 48 31
6 38 13 22 11 20 1 19 21 31 26 8 42 47 39 46 9 18 16 23 41 3 35 15 32 5 33 50 27 12 34 17 37 10 30 28 43 45 24 44 29 7 40 25 14 36 2 4 49 48
28 48 22 26 17 9 32 35 5 18 16 45 27 1 50 44 46 42 29 21 10 38 2 41 11 49 12 23 14 34 40 31 36 7 4 6 20 25 43 47 24 39 13 30 8 15 33 19 37 3
48 7 44 29 33 20 50 43 35 22 28 45 27 3 16 38 30 40 32 11 24 10 6 5 18 46 36 13 49 15 14 19 37 17 2 42 26 39 8 23 1 9 31 47 41 4 12 34 25 21
27 6 22 37 1 28 44 14 15 21 26 18 41 40 33 5 48 11 34 32 35 39 10 12 38 42 16 17 4 30 3 47 13 23 19 31 20 7 8 2 46 25 36 43 50 9 24 45 49 29
14 23 13 39 49 8 15 26 16 12 25 9 36 30 2 1 45 50 4 29 24 6 3 33 34 20 31 22 44 46 37 21 35 11 43 48 19 7 5 41 38 17 40 42 47 18 10 28 27 32
32 1 33 21 40 12 41 9 26 35 16 6 44 34 20 24 7 50 23 47 43 18 49 46 5 38 42 37 27 17 48 25 3 10 39 15 19 8 28 30 13 4 29 22 14 2 36 45 31 11
40 38 46 14 49 3 41 33 27 5 28 30 48 47 17 18 2 36 34 26 42 19 6 16 44 39 13 10 25 21 23 29 37 15 12 50 4 11 1 22 45 7 9 31 8 32 35 24 43 20
9 42 37 38 46 22 29 48 7 40 2 32 10 12 25 21 47 33 41 8 18 1 45 28 3 36 35 5 15 44 20 6 19 34 43 14 4 27 50 11 16 39 23 13 24 31 17 26 49 30
39 35 30 44 5 21 34 1 42 4 2 48 45 10 8 47 36 23 19 22 7 27 38 26 6 37 17 15 40 24 28 33 41 9 49 12 3 16 18 32 50 25 29 31 13 46 43 14 20 11
26 37 7 17 15 14 2 12 19 18 40 42 11 1 16 5 49 36 23 6 31 46 47 38 45 10 25 44 4 35 21 29 20 30 32 24 28 22 41 13 8 27 3 39 34 50 9 43 48 33
1 45 25 40 11 41 7 3 44 27 46 33 6 50 37 38 18 8 48 26 32 22 21 5 17 12 20 43 4 30 47 10 35 49 2 15 42 19 13 39 31 9 34 23 16 36 14 29 28 24
2 37 38 22 31 47 34 39 32 27 19 44 14 6 1 48 18 11 30 40 5 20 25 10 8 26 43 13 12 29 16 46 45 36 3 4 7 17 24 33 28 49 42 23 21 41 9 15 35 50