"" 2 4 5 3
2 4 "" 3 5
a 2 4 5 3
2 4 a 5 3
2147483648 2 4 5 3
-2147483649 2 4 5 3
2 4 5 -2147483649 3
2 4 5 2147483649 3
2 2 4 5 3
2 4 5 5 3
-0 0 2 4 5 3
0 2 4 5 -0 3
5 2 4 -5 0 -0 3
0 0 0 0 0
2 5 3 "4 62" 8
7 5 "8 74" "6 42" 1 2
0 -1 2 -3 4 5 -6 7 8 2147483648
0 -1 2 -3 4 5 -6 7 8 2147483649
2147483649 0 -1 2 -3 4 5 -6 7 8
0 -1 2 -3 4 5 -6 7 8 9999999999999999999999990
2147483647 2 4 5 3
-2147483647 2 4 5 3
-2147483648 2 4 5 3
2 -2 5 4 3
-2 2 5 4 3
     3           2        1        
3 2 1
0 -1 2 -3 4 5 -6 7 8 9
0 -1 2 -3 4 5 -6 7 8 -2147483648
0 -1 2 -3 4 5 -6 7 8 2147483647
2147483647 0 -1 2 -3 4 5 -6 7 8
5 12 41 56 68 42 17 97 16 35 62 20 85 92
10 9 8 7 6 5 4 3 2 1 0
1 2 3 4 5
0 1 2 3
0 1 2 3 4 5 6 7 8 9
1

0
1 2
-0 1
-1 1